0.00397378485310759950 0.00397429566832956190 0.00384611584617891230 0.00333192214059910030 0.00262819811248749720 0.00192088823789642800 0.00129371474509142890 0.00077954821497467838 0.00039022461877560643 0.00013006755167756608 0.00000000000000000555 
0.00397429566832956280 0.00410349052823801190 0.00423352326968257090 0.00352186818617108160 0.00263281650872776010 0.00184102384552589760 0.00118128661650440560 0.00065482900159395750 0.00026124911341782393 0.00000000000000000559 -0.00013006755167755505 
0.00384611584617891230 0.00423352326968257000 0.00542483553610281600 0.00388344554965079460 0.00254061592661789650 0.00163010958012787590 0.00093581308244854080 0.00039764028578635524 0.00000000000000000572 -0.00026124911341781276 -0.00039022461877559510 
0.00333192214059910030 0.00352186818617108160 0.00388344554965079380 0.00300002990935755060 0.00201697854241430920 0.00120327012654665250 0.00053474623862804279 0.00000000000000000586 -0.00039764028578634375 -0.00065482900159394579 -0.00077954821497466678 
0.00262819811248749670 0.00263281650872775960 0.00254061592661789700 0.00201697854241430920 0.00132425781697127310 0.00063185514297847787 0.00000000000000000594 -0.00053474623862803097 -0.00093581308244852866 -0.00118128661650439350 -0.00129371474509141680 
0.00192088823789642800 0.00184102384552589740 0.00163010958012787550 0.00120327012654665250 0.00063185514297847787 0.00000000000000000599 -0.00063185514297846583 -0.00120327012654664010 -0.00163010958012786310 -0.00184102384552588460 -0.00192088823789641520 
0.00129371474509142850 0.00118128661650440540 0.00093581308244854080 0.00053474623862804268 0.00000000000000000594 -0.00063185514297846572 -0.00132425781697126050 -0.00201697854241429620 -0.00254061592661788310 -0.00263281650872774620 -0.00262819811248748330 
0.00077954821497467838 0.00065482900159395728 0.00039764028578635519 0.00000000000000000578 -0.00053474623862803097 -0.00120327012654664010 -0.00201697854241429620 -0.00300002990935753720 -0.00388344554965077940 -0.00352186818617106650 -0.00333192214059908640 
0.00039022461877560616 0.00026124911341782398 0.00000000000000000559 -0.00039764028578634375 -0.00093581308244852876 -0.00163010958012786290 -0.00254061592661788310 -0.00388344554965077990 -0.00542483553610279610 -0.00423352326968255440 -0.00384611584617889630 
0.00013006755167756614 0.00000000000000000542 -0.00026124911341781276 -0.00065482900159394590 -0.00118128661650439370 -0.00184102384552588480 -0.00263281650872774620 -0.00352186818617106650 -0.00423352326968255440 -0.00410349052823799540 -0.00397429566832954720 
0.00000000000000000536 -0.00013006755167755505 -0.00039022461877559527 -0.00077954821497466678 -0.00129371474509141680 -0.00192088823789641520 -0.00262819811248748330 -0.00333192214059908640 -0.00384611584617889630 -0.00397429566832954720 -0.00397378485310758390 
