0.00000000000000000000 0.00000001735253185586 0.00000000781691156249 0.00000000400142763368 0.00000000322756044113 0.00000000552788215202 0.00000000478354911237 0.00000000389036758364 0.00000000302686342657 0.00000000222581553189 0.00000000151630796807 0.00000000092290464160 0.00000000046475095994 0.00000000015491705141 0.00000000000000011102 0.00000000000000000000 
0.00000001735253185586 0.00000003139093429638 -0.00000168164634040124 -0.00003880982397497235 -0.00003881195378774294 -0.00000168794400101646 0.00000001233564894676 0.00000001293147455783 0.00000001025605556038 0.00000000770528374439 0.00000000537463940020 0.00000000334782246370 0.00000000169388481019 0.00000000046475123749 -0.00000000030651273186 -0.00000000045497128981 
0.00000000781691200658 -0.00000168164634128942 -0.00088381116727553888 -0.02011578009499270800 -0.02011578154833504300 -0.00088381546480009732 -0.00000169709496056214 0.00000000715198122947 0.00000000552970957912 0.00000000385832921168 0.00000000234500585616 0.00000000104413011570 0.00000000000000016653 -0.00000000075475659056 -0.00000000120025287625 -0.00000000088447290464 
0.00000000400142718959 -0.00003880982397497235 -0.02011578009499359600 -0.45783334903681983000 -0.45783335047655527000 -0.02011578435203853500 -0.00003882467616334040 0.00000000287284063205 0.00000000442016934166 0.00000000277023071149 0.00000000127880916967 0.00000000000000005551 -0.00000000102215894082 -0.00000000175524639962 -0.00000000217952131343 -0.00000000142258776981 
0.00000000322756044113 -0.00003881195378774294 -0.02011578154833415500 -0.45783335047655616000 -0.45783335189943752000 -0.02011578575523875800 -0.00003882605731631017 0.00000000151562229433 0.00000000308829140039 0.00000000146463374762 0.00000000000000011102 -0.00000000125189986155 -0.00000000224735505205 -0.00000000295420110596 -0.00000000335287825282 -0.00000000204430050665 
0.00000000552788259611 -0.00000168794400146055 -0.00088381546480054141 -0.02011578435203853500 -0.02011578575523920200 -0.00088381961316796875 -0.00000170117777154033 0.00000000314031312065 0.00000000159333268801 0.00000000000000000000 -0.00000000143381415074 -0.00000000265487282158 -0.00000000361985319497 -0.00000000429689561710 -0.00000000466665261989 -0.00000000272152500536 
0.00000000478354866829 0.00000001233564939085 -0.00000169709496100623 -0.00003882467616334040 -0.00003882605731631017 -0.00000170117777198442 0.00000000005788480806 0.00000000165887770187 0.00000000000000000000 -0.00000000155980567351 -0.00000000295970070674 -0.00000000414697876039 -0.00000000507876274369 -0.00000000572354130757 -0.00000000606220806887 -0.00000000342431771827 
0.00000000389036780568 0.00000001293147500192 0.00000000715198078538 0.00000000287284018796 0.00000000151562273842 0.00000000314031312065 0.00000000165887770187 0.00000000000000000000 -0.00000000162424446115 -0.00000000314823406233 -0.00000000451208026497 -0.00000000566366109567 -0.00000000656062137949 -0.00000000717183734622 -0.00000000747844408622 -0.00000000412214107293 
0.00000000302686364861 0.00000001025605556038 0.00000000552970913503 0.00000000442016934166 0.00000000308829140039 0.00000000159333268801 0.00000000000000000000 -0.00000000162424448891 -0.00000000321203208475 -0.00000000469854077867 -0.00000000588074522412 -0.00000000384678466858 -0.00000000470838790179 -0.00000000843485481461 -0.00000000885406814533 -0.00000000478512407476 
0.00000000222581553189 0.00000000770528352234 0.00000000385832943373 0.00000000277023071149 0.00000000146463363659 0.00000000000000000000 -0.00000000155980567351 -0.00000000314823400682 -0.00000000469854088969 -0.00000000285417689483 0.00000169874904587530 0.00003882410206923481 0.00003882327530346785 0.00000169629899815504 -0.00000000683776768540 -0.00000000538499134173 
0.00000000151630796807 0.00000000537463940020 0.00000000234500585616 0.00000000127880916967 0.00000000000000005551 -0.00000000143381417850 -0.00000000295970070674 -0.00000000451208015395 -0.00000000588074522412 0.00000169874904565326 0.00088381761740397025 0.02011578429398630500 0.02011578350057252600 0.00088381526692993262 0.00000169492982404762 -0.00000000575284930804 
0.00000000092290464160 0.00000000334782246370 0.00000000104413011570 0.00000000000000016653 -0.00000000125189986155 -0.00000000265487282158 -0.00000000414697864937 -0.00000000566366109567 -0.00000000384678444654 0.00003882410206923481 0.02011578429398630500 0.45783335102916878000 0.45783335026677108000 0.02011578203605601800 0.00003882043542136060 -0.00000000300721714197 
0.00000000046475101545 0.00000000169388475468 0.00000000000000016653 -0.00000000102215894082 -0.00000000224735506593 -0.00000000361985319497 -0.00000000507876285472 -0.00000000656062137949 -0.00000000470838812383 0.00003882327530391194 0.02011578350057208200 0.45783335026677108000 0.45783334953235588000 0.02011578132606306500 0.00003881974595643101 -0.00000000328530580518 
0.00000000015491710692 0.00000000046475118198 -0.00000000075475659056 -0.00000000175524639962 -0.00000000295420110596 -0.00000000429689550607 -0.00000000572354141859 -0.00000000717183734622 -0.00000000843485503665 0.00000169629899771095 0.00088381526692993262 0.02011578203605601800 0.02011578132606306500 0.00088381316514674069 0.00000169288906803899 -0.00000000657605614407 
0.00000000000000011102 -0.00000000030651273186 -0.00000000120025287105 -0.00000000217952128567 -0.00000000335287825282 -0.00000000466665273091 -0.00000000606220784682 -0.00000000747844430826 -0.00000000885406770124 -0.00000000683776724131 0.00000169492982360353 0.00003882043542136060 0.00003881974595643101 0.00000169288906803899 -0.00000001014782924358 -0.00000000672049216277 
0.00000000000000000000 -0.00000000045497127593 -0.00000000088447290464 -0.00000000142258776981 -0.00000000204430050665 -0.00000000272152500536 -0.00000000342431771827 -0.00000000412214107293 -0.00000000478512429680 -0.00000000538499156377 -0.00000000575284930804 -0.00000000300721714197 -0.00000000328530580518 -0.00000000657605614407 -0.00000000672049216277 0.00000000000000000000 
