-0.00000000000000044409 -0.00000000003158051598 -0.00000001304995822515 -0.00000001272082372772 0.00000000248668552416 0.00000000250786458267 0.00000000256278509525 0.00000000291593293955 0.00000000391724630511 0.00000000498414215455 0.00000000544324540996 0.00000000000000000000 
-0.00000000066028826851 -0.00000372672810211583 -0.00096397285896365759 -0.00096397098030376327 -0.00000371986462366358 0.00000000812543454742 0.00000000911395958703 0.00000000867106886293 0.00000001039067709652 0.00000001372915492404 0.00000001646486708085 0.00000001141050909315 
-0.00000001468779653457 -0.00096397495514510823 -0.24935220677500292000 -0.24935220514230183000 -0.00096397136000048178 -0.00000000827500956646 0.00000000616294193456 0.00000000690070423026 0.00000000800183819205 0.00000000999894361753 0.00000001138309640991 0.00000000568400951306 
-0.00000001497263513173 -0.00096397583757878991 -0.24935220741548614000 -0.24935220655458457000 -0.00096397194667541264 -0.00000000986434289807 0.00000000575650094259 0.00000000606905203870 0.00000000746445194544 0.00000000932858446046 0.00000001046873071564 0.00000000503553750086 
-0.00000000123306809208 -0.00000372823314798154 -0.00096397605402720465 -0.00096397491708222205 -0.00000372495601030920 0.00000000314879100571 0.00000000375486031157 0.00000000479107437057 0.00000000607117617291 0.00000000780827967561 0.00000000890192118630 0.00000000410778944887 
-0.00000000179833259395 -0.00000000392291710227 -0.00000001655162717995 -0.00000001584175457481 -0.00000000020916357535 0.00000000074007344697 0.00000000198368488302 0.00000000271657213391 0.00000000418410988495 0.00000000585079409920 0.00000000685017514934 0.00000000298829921919 
-0.00000000254179322035 -0.00000000619113027511 -0.00000000422743262618 -0.00000000348479856083 -0.00000000267684441280 -0.00000000132377231399 -0.00000000052017307128 0.00000000071369721244 0.00000001642862940132 0.00000001796195558956 0.00000000459478266546 0.00000000185081977522 
-0.00000000352151441341 -0.00000000882843020911 -0.00000000629708218902 -0.00000000592717885883 -0.00000000490166984779 -0.00000000390736384914 -0.00000000262736477019 0.00000372505195522788 0.00096397549693294504 0.00096397706740258826 0.00000372904458245671 0.00000000093390783995 
-0.00000000460733595720 -0.00000001202354593666 -0.00000000863733273793 -0.00000000815946071819 -0.00000000724910209637 -0.00000000601028291025 0.00000000964902002742 0.00096397219162491776 0.24935220680933234000 0.24935220842589612000 0.00096397642458612154 0.00000001455272058415 
-0.00000000543132527842 -0.00000001522273895826 -0.00000001058159526668 -0.00000000996655163954 -0.00000000893188427387 -0.00000000752692397299 0.00000000825513912783 0.00096397103404033402 0.24935220576449768000 0.24935220731428998000 0.00096397522868740815 0.00000001405654614928 
-0.00000000573847913632 -0.00000001724049503160 -0.00000001153590306613 -0.00000001083162159965 -0.00000000963754038380 -0.00000000820256085277 -0.00000000668447308616 0.00000372149090588358 0.00096397221716015835 0.00096397363112910028 0.00000372541985793617 -0.00000000056096127743 
0.00000000000000000000 -0.00000001172789043657 -0.00000000572950967226 -0.00000000523004589636 -0.00000000454343814654 -0.00000000380732123606 -0.00000000304145847396 -0.00000000216923290441 0.00000001295516227628 0.00000001352402678734 -0.00000000056096105538 0.00000000000000077716 
