-0.00000000000000077716 0.01599887974587144200 0.00535973702441849830 0.00362192633677449470 0.00296486707200638300 0.00179268532423071390 0.00147297011287872430 0.00040852591701245888 -0.00067845788671672125 -0.00053389845984991302 -0.00022836217367633305 0.00000000000000000000 
0.01563685758718191800 0.02327794246736969400 0.01534792541289098400 0.00639507109619419370 0.00911577758841297660 0.00648035843950300890 0.00323383198580740050 0.00458091185313114210 -0.00095972943701094771 -0.00059026361240488434 -0.00111443852034953660 -0.00052812194753448782 
0.00489612038951658950 0.01377442822076435600 -0.24765033941373282000 -0.24334008286572972000 0.00363792497851589400 0.00155314686792551450 0.00246962329126221290 -0.00053900348986568591 0.00156426696547717900 -0.00207428026538730710 -0.00063267591891574826 0.00027085453053157793 
0.00291625029933517690 0.00609295721727187710 -0.24368573437283514000 -0.24406437399144121000 0.00067964951545596008 0.00302049791133840450 -0.00141744844887825570 0.00181501031576736250 -0.00283748188848231830 -0.00004779501342633274 -0.00074734697039255393 -0.00044460384022054766 
0.00211160870532034470 0.00620249817097295870 0.00340392858295146540 0.00003741576937876801 0.00334382051503623320 -0.00235225296056218450 0.00119861940505461280 -0.00317343252531049340 0.00130904467782494430 -0.00309553098327136620 -0.00118603310876520820 0.00002786682794103586 
0.00087800179903263498 0.00584270312865520220 0.00015422680305254843 0.00305577724693706370 -0.00289689878764809450 0.00102046254052279290 -0.00411439806957741850 0.00245221195879724570 -0.00496004949115262660 -0.00137460040211222210 -0.00144983771177770170 -0.00074895722644793827 
0.00029896211545787921 -0.00076578849089203871 0.00224565607440929680 -0.00319486042490424450 0.00133773712648088680 -0.00507625658833776860 0.00291094012465467620 -0.00688703446842937190 -0.00056582861133669393 -0.00388183003867492720 -0.00065845922472540508 0.00126956381729248500 
-0.00059688800812096598 0.00355799157949610030 -0.00287215321502187760 0.00200903899196192000 -0.00537099722366329860 0.00303623188465029780 -0.00806279913963730760 0.00199359642561763860 -0.00623080913885087910 0.00272182233680762220 -0.00104232136276838360 -0.00081195434922443077 
-0.00221772999941816100 -0.00539341559404971080 0.00134878909868974000 -0.00588740110704666360 0.00206451249022288060 -0.00890584831624581520 0.00309492793544710600 -0.01204149902657569700 0.25003753477975410000 0.23932371979233658000 -0.00376435471152936070 -0.00139420659780131740 
-0.00155127215664274680 -0.00337006310191734220 -0.00488311804336094560 -0.00044067833569050308 -0.00713438323184212300 -0.00016466980703368911 -0.01171917494703472700 -0.00340589574925020950 0.23735655164583358000 0.24095311331198022000 -0.00228203588849251740 -0.00091666729323403029 
-0.00085276052997423912 -0.00335785997194693040 -0.00182079458882128400 -0.00203741289787134900 -0.00251665062670722310 -0.00294528313012268340 -0.00506503669009578110 -0.00487135174545882950 -0.00570644339172576840 -0.00296253272144819670 -0.00205646902483525020 -0.00103009778330753750 
0.00000000000000000000 -0.00172194446548223910 0.00024960669773843591 -0.00117960894832658260 0.00055907643023123121 -0.00167718793339713400 -0.00059229841889413271 -0.00218769962879195030 -0.00207470343075688570 -0.00114349957088599740 -0.00103009778330787060 0.00000000000000077716 
