0.00391829163537779030 0.00391829163537779030 0.00390733329900883920 0.00386348819215043140 0.00375693717479364500 0.00356224440508813580 0.00328001605072938880 0.00293712263123210900 0.00256555765707627360 0.00219090894333178730 0.00183044838258670360 0.00149486186847856150 0.00119045834774354480 0.00092087091484468868 0.00068815887750752326 0.00049346520550751108 0.00033739614477581667 0.00022024355657209149 0.00014212264781840987 0.00010306219344365633 
0.00391829163537779030 0.00392925462808593060 0.00394022227597398340 0.00392619619225068740 0.00384508087501186140 0.00364978177979495820 0.00334068273622289710 0.00296579562417735500 0.00256864264707792060 0.00217672185220968910 0.00180557521331690150 0.00146367957648448110 0.00115564279802039270 0.00088399591065142172 0.00065014077662212957 0.00045484075433735926 0.00029847975265672068 0.00018121190392782742 0.00010306219344365633 0.00006400173906890278 
0.00390733329900884010 0.00394022227597398340 0.00399811169608759250 0.00405599859968494480 0.00404740509657323680 0.00385111540718702760 0.00346714135877015370 0.00301673905754787230 0.00256649949659993420 0.00214176407881776960 0.00175145395042113870 0.00139864078608212130 0.00108443919878060370 0.00080933051870192454 0.00057356850695598055 0.00037727786570126477 0.00022047050132023569 0.00010306219345572747 0.00002491242972790198 -0.00001411924901215290 
0.00386348819215043050 0.00392619619225068740 0.00405599859968494570 0.00425177681787378570 0.00443367072403450660 0.00423637831426872030 0.00365952274933501430 0.00306751326288923510 0.00253885463601300020 0.00207238309350642840 0.00165983742583326640 0.00129499175873496600 0.00097414369175579101 0.00069531914689840502 0.00045752528118901627 0.00026023188346407271 0.00010306219347438717 -0.00001434619300388795 -0.00009235562912223320 -0.00013127207171045418 
0.00375693717479364450 0.00384508087501186140 0.00404740509657323680 0.00443367072403450660 0.00499391378199348820 0.00479599519355404950 0.00383928855279392750 0.00305443056503303550 0.00244902368673796280 0.00194907811293198810 0.00152052240778474480 0.00114734627842492750 0.00082182547148729299 0.00054027759628262585 0.00030098181612187610 0.00010306219349761340 -0.00005410759871459350 -0.00017115384010867656 -0.00024871706771042372 -0.00028734159107101335 
0.00356224440508813530 0.00364978177979495820 0.00385111540718702760 0.00423637831426872110 0.00479599519355404950 0.00459807653662620050 0.00364199593863132140 0.00285814053852027120 0.00225372412687478320 0.00175438489720265360 0.00132582908048639570 0.00095204638516353053 0.00062553489364315586 0.00034298421924822364 0.00010306219352288917 -0.00009485755252525812 -0.00025140134519439060 -0.00036744503095693731 -0.00044401781348299744 -0.00048203600482522207 
0.00328001605072938880 0.00334068273622289750 0.00346714135877015330 0.00365952274933501390 0.00383928855279392750 0.00364199593863132140 0.00306726807080477370 0.00247865501590572960 0.00195333979343855590 0.00148890961965942500 0.00107636361926451850 0.00070947592191440451 0.00038528380066794199 0.00010306219354747546 -0.00013685997381231567 -0.00033415373908582912 -0.00048919586004953950 -0.00060320790951895388 -0.00067787400449925033 -0.00071474911331947065 
0.00293712263123210900 0.00296579562417735500 0.00301673905754787190 0.00306751326288923430 0.00305443056503303550 0.00285814053852027170 0.00247865501590573000 0.00203536475979782580 0.00159207055834819720 0.00117155120901743600 0.00078124053265135737 0.00042421021042945127 0.00010306219356870803 -0.00017915956990268461 -0.00041941110227390111 -0.00061570234710530281 -0.00076802139391334923 -0.00087831780921388848 -0.00094952231410254525 -0.00098433797807559085 
0.00256555765707627360 0.00256864264707792060 0.00256649949659993380 0.00253885463601299980 0.00244902368673796280 0.00225372412687478320 0.00195333979343855590 0.00159207055834819720 0.00120802751574924280 0.00082398482985785305 0.00045283743742143245 0.00010306219358428598 -0.00021808599044163634 -0.00050335218158294929 -0.00074592339207476047 -0.00094122424071033919 -0.00108887081293040860 -0.00119252098790110370 -0.00125756089489274410 -0.00128874330597382720 
0.00219090894333178730 0.00217672185220968910 0.00214176407881776910 0.00207238309350642800 0.00194907811293198810 0.00175438489720265390 0.00148890961965942500 0.00117155120901743600 0.00082398482985785294 0.00046352351172517246 0.00010306219359252116 -0.00024671322402120693 -0.00057511682715351352 -0.00087024072265470050 -0.00111970724447672700 -0.00131440182062712700 -0.00145371820065259340 -0.00154533611654589580 -0.00159945871098022980 -0.00162433199937584240 
0.00183044838258670310 0.00180557521331690150 0.00175145395042113830 0.00165983742583326620 0.00152052240778474480 0.00132582908048639570 0.00107636361926451850 0.00078124053265135737 0.00045283743742143240 0.00010306219359252120 -0.00025739930054117502 -0.00061786114202227744 -0.00096542837139071815 -0.00128278792132493530 -0.00154826457360936520 -0.00174295933209560260 -0.00186626594482413360 -0.00193564856496187450 -0.00197060788445892500 -0.00198479509016647380 
0.00149486186847856110 0.00146367957648448110 0.00139864078608212090 0.00129499175873496580 0.00114734627842492750 0.00095204638516353053 0.00070947592191440451 0.00042421021042945132 0.00010306219358428604 -0.00024671322402120688 -0.00061786114202227733 -0.00100190469796784480 -0.00138594892982461540 -0.00174721963098439160 -0.00204760564934606880 -0.00224290704163232230 -0.00233273988877250520 -0.00236038662307240130 -0.00236253152948093930 -0.00235944664539260340 
0.00119045834774354460 0.00115564279802039270 0.00108443919878060370 0.00097414369175579090 0.00082182547148729288 0.00062553489364315586 0.00038528380066794204 0.00010306219356870812 -0.00021808599044163620 -0.00057511682715351330 -0.00096542837139071804 -0.00138594892982461500 -0.00182924465156136630 -0.00227253669218031210 -0.00265202420130897320 -0.00284831634111872230 -0.00286140119363110680 -0.00281062909191392640 -0.00275968761534237500 -0.00273101471617005460 
0.00092087091484468868 0.00088399591065142172 0.00080933051870192443 0.00069531914689840502 0.00054027759628262585 0.00034298421924822359 0.00010306219354747553 -0.00017915956990268450 -0.00050335218158294908 -0.00087024072265470007 -0.00128278792132493480 -0.00174721963098439120 -0.00227253669218031210 -0.00286115183719177180 -0.00343588198010002020 -0.00363317697530997530 -0.00345341357015529040 -0.00326103450004877220 -0.00313457802224312470 -0.00307391141577301270 
0.00068815887750752315 0.00065014077662212968 0.00057356850695598055 0.00045752528118901621 0.00030098181612187610 0.00010306219352288920 -0.00013685997381231556 -0.00041941110227390090 -0.00074592339207476004 -0.00111970724447672660 -0.00154826457360936500 -0.00204760564934606830 -0.00265202420130897320 -0.00343588198010002020 -0.00439196512461652480 -0.00458988641321340840 -0.00403027215884715210 -0.00364501177221799150 -0.00344368046095988850 -0.00335614314894403490 
0.00049346520550751097 0.00045484075433735932 0.00037727786570126482 0.00026023188346407271 0.00010306219349761341 -0.00009485755252525808 -0.00033415373908582901 -0.00061570234710530249 -0.00094122424071033898 -0.00131440182062712680 -0.00174295933209560240 -0.00224290704163232230 -0.00284831634111872270 -0.00363317697530997530 -0.00458988641321340930 -0.00478780786323082520 -0.00422756763630771460 -0.00384130470911914390 -0.00363898295534087650 -0.00355083930105627890 
0.00033739614477581661 0.00029847975265672073 0.00022047050132023574 0.00010306219347438720 -0.00005410759871459348 -0.00025140134519439054 -0.00048919586004953950 -0.00076802139391334912 -0.00108887081293040860 -0.00145371820065259340 -0.00186626594482413360 -0.00233273988877250560 -0.00286140119363110680 -0.00345341357015529000 -0.00403027215884715210 -0.00422756763630771460 -0.00404567674384316050 -0.00384990138274626630 -0.00372010157231507200 -0.00365739360221460550 
0.00022024355657209143 0.00018121190392782742 0.00010306219345572747 -0.00001434619300388793 -0.00017115384010867651 -0.00036744503095693725 -0.00060320790951895378 -0.00087831780921388827 -0.00119252098790110370 -0.00154533611654589580 -0.00193564856496187490 -0.00236038662307240170 -0.00281062909191392680 -0.00326103450004877270 -0.00364501177221799190 -0.00384130470911914390 -0.00384990138274626630 -0.00379201746780408880 -0.00373413074936691920 -0.00370124178858438490 
0.00014212264781840984 0.00010306219344365630 0.00002491242972790196 -0.00009235562912223318 -0.00024871706771042361 -0.00044401781348299733 -0.00067787400449925012 -0.00094952231410254503 -0.00125756089489274370 -0.00159945871098022930 -0.00197060788445892500 -0.00236253152948093970 -0.00275968761534237540 -0.00313457802224312520 -0.00344368046095988850 -0.00363898295534087700 -0.00372010157231507160 -0.00373413074936691960 -0.00372316588177971270 -0.00371220289484266690 
0.00010306219344365630 0.00006400173906890276 -0.00001411924901215291 -0.00013127207171045418 -0.00028734159107101325 -0.00048203600482522190 -0.00071474911331947054 -0.00098433797807559085 -0.00128874330597382700 -0.00162433199937584220 -0.00198479509016647340 -0.00235944664539260340 -0.00273101471617005550 -0.00307391141577301320 -0.00335614314894403490 -0.00355083930105627940 -0.00365739360221460510 -0.00370124178858438490 -0.00371220289484266690 -0.00371220289484266690 
