-0.00000000000000288658 0.00018340410334261037 0.00007551111020309698 0.00006173447627300099 0.00004715920573272747 0.00003303249541641851 0.00002048069927740315 0.00001041940492763072 0.00000349198838531239 0.00000002686216467318 0.00000000000000000000 
0.00018340410334261037 0.00033314520269334125 -0.00440537980999877730 -0.00068783806880157172 0.00015846553646547967 0.00011464293981156004 0.00007321990611064422 0.00003765095795349449 0.00001046570483281828 -0.00000668875364936983 -0.00000986747207024768 
0.00007551111020331902 -0.00440537980999877730 -0.66138280897897905000 -0.12657085844788307000 0.00004486355136057441 0.00004875961325634393 0.00002224858712174260 0.00000002969836204736 -0.00001630632234746188 -0.00002577254859147116 -0.00001860386590096796 
0.00006173447627300099 -0.00068783806880179377 -0.12657085844788307000 -0.02417708028704956800 0.00004702535476619474 0.00002551229994485205 0.00000001309682695627 -0.00002118460758146479 -0.00003652100547707482 -0.00004503115533566193 -0.00002865441181632011 
0.00004715920573294952 0.00015846553646570172 0.00004486355136057441 0.00004702535476619474 0.00002663594362428690 0.00000000283651657718 -0.00002432543361439998 -0.00004435266146268768 -0.00005855654169995006 -0.00006599841933613293 -0.00003904477457555844 
0.00003303249541652953 0.00011464293981133800 0.00004875961325623290 0.00002551229994474102 0.00000000283651668820 -0.00002540934080344504 -0.00004847808817382004 -0.00006726251473959666 -0.00008028333605081262 -0.00008663159216437677 -0.00004877774784906030 
0.00002048069927751417 0.00007321990611075524 0.00002224858712174260 0.00000001309682695627 -0.00002432543361437223 -0.00004847808817382004 -0.00007026492072659263 -0.00008156307567208643 -0.00006705558969444248 -0.00010475896382877714 -0.00005694824124435893 
0.00001041940492751969 0.00003765095795338347 0.00000002969836199185 -0.00002118460758146479 -0.00004435266146265993 -0.00006726251473959666 -0.00008156307567208643 0.02415383548953675700 0.12656189137754814000 0.00077015866462026850 -0.00006281088701176607 
0.00000349198838531239 0.00001046570483290155 -0.00001630632234748963 -0.00003652100547704706 -0.00005855654169995006 -0.00008028333605081262 -0.00006705558969444248 0.12656189137754836000 0.66138976688100981000 0.00451671892142124780 -0.00006583591129838418 
0.00000002686216464542 -0.00000668875364936983 -0.00002577254859148156 -0.00004503115533566193 -0.00006599841933613293 -0.00008663159216426575 -0.00010475896382877714 0.00077015866462026850 0.00451671892142080370 -0.00009913934228045207 -0.00006587946828440217 
0.00000000000000000000 -0.00000986747207026156 -0.00001860386590094021 -0.00002865441181632011 -0.00003904477457555844 -0.00004877774784906030 -0.00005694824124458098 -0.00006281088701176607 -0.00006583591129860622 -0.00006587946828440217 0.00000000000000299760 
