0.00336822083719886130 0.00336287118782367620 0.00337726860608441060 0.00319572629050156360 0.00280421909740027980 0.00235417432899899180 0.00192638446390387320 0.00155774756309330760 0.00126187841004691320 0.00103507904903924350 0.00088092551458298935 0.00080239331970569311 
0.00337357048657404040 0.00345422753930933660 0.00361042876218232780 0.00343084345545124470 0.00288334605185652100 0.00234436865075244620 0.00187746048127636150 0.00148781681933102950 0.00118809714598011140 0.00095872560729101598 0.00080371831944761520 0.00072386112482839687 
0.00340685245912504240 0.00363169211675108160 0.00428595837061663580 0.00407828287810915910 0.00301725712866911760 0.00230749617414772400 0.00177372927477484690 0.00135977390709002150 0.00103730306781066660 0.00080390888844648119 0.00064362186495553638 0.00056180419844861578 
0.00324929563462116390 0.00347538595357395990 0.00410363565140427560 0.00388921091941848160 0.00282516671774567540 0.00210541543511908080 0.00156733663504681520 0.00113650343354841900 0.00080829523027005508 0.00056158032960132551 0.00040066244291794210 0.00031981050389362189 
0.00288590024975599910 0.00295923255484106240 0.00307172536584275190 0.00285486686574662430 0.00229350323578496890 0.00174263781720729680 0.00124385506613430730 0.00082321211598750251 0.00047808941804104341 0.00023312280655518478 0.00007244712832257199 -0.00000612267601785410 
0.00246383653353704230 0.00244699166832725800 0.00239280472239917700 0.00216528783533800030 0.00177456244586652980 0.00131144250417038220 0.00085055736595047527 0.00041236288017307553 0.00005681803522356815 -0.00020112235337664311 -0.00034611043222525283 -0.00041043217840787334 
0.00206471493964803610 0.00201266713064791010 0.00188828509469818830 0.00166013790660167820 0.00130789892036489850 0.00088509885788478119 0.00040599687047932658 -0.00006410683046454002 -0.00049650252049704760 -0.00075786569918619346 -0.00085540267793890142 -0.00088426453840963963 
0.00171971730686927130 0.00164535897233318070 0.00150312539112191970 0.00125689331471461590 0.00092108623790563258 0.00047980542366814324 -0.00002734712940076837 -0.00062611111252129409 -0.00122478502679791690 -0.00150539235255546930 -0.00143794270592347420 -0.00137814238301024280 
0.00144493297514252960 0.00137063427317438080 0.00120201873232720650 0.00095717530243231714 0.00060244876850457519 0.00016146859088406597 -0.00042507129012811588 -0.00117436113373369800 -0.00231440355313047980 -0.00258207447644946860 -0.00202007179070690930 -0.00181785849834628750 
0.00122904648983250090 0.00115277226445407960 0.00098650649486879509 0.00072645573892199584 0.00038440176805246525 -0.00007315462945825533 -0.00063855300438924844 -0.00141548002223477040 -0.00254002186814830320 -0.00282645987798254680 -0.00226855284852409180 -0.00206504333380437990 
0.00107866152471515250 0.00100149862547794330 0.00083086875351425415 0.00057467909127738195 0.00023231291342731391 -0.00020107944775664362 -0.00072188918623374379 -0.00133263617686140820 -0.00195543457715981240 -0.00224190479446394980 -0.00217848390765380380 -0.00211508443196353110 
0.00099951750771302950 0.00092037349071090685 0.00074814637568796629 0.00049493022964662862 0.00015377347621432579 -0.00026204027488358389 -0.00075046200955367558 -0.00127156978948332460 -0.00174680356175712530 -0.00202781400328867030 -0.00210267465512496090 -0.00210887954354424920 
