0.00336821931189465810 0.00336286966129935090 0.00337726702107413740 0.00319572463532140790 0.00280421738649881160 0.00235417255214203720 0.00192638263510220860 0.00155774567338247970 0.00126187647880636550 0.00103507705153315090 0.00088092345616783022 0.00080239123142978707 
0.00337356896248995970 0.00345422598249781050 0.00361042716260456030 0.00343084176461887650 0.00288334432669970020 0.00234436683846558180 0.00187745863889932150 0.00148781489177367380 0.00118809519840126670 0.00095872359143185453 0.00080371623711224477 0.00072385900669174382 
0.00340685088187728460 0.00363169052184299320 0.00428595669759471430 0.00407828114979563030 0.00301725532824617760 0.00230749432528448490 0.00177372735682392820 0.00135977194428059430 0.00103730104383615220 0.00080390682581683306 0.00064361973776623396 0.00056180203800865452 
0.00324929399733720880 0.00347538427693524880 0.00410363393242919350 0.00388920912215518330 0.00282516487911125320 0.00210541351974062510 0.00156733468057618750 0.00113650140489788890 0.00080829317188395062 0.00056157820616790162 0.00040066026735695456 0.00031980830380778848 
0.00288589857138892140 0.00295923085902932310 0.00307172358877582600 0.00285486504123298130 0.00229350133460480550 0.00174263587393042430 0.00124385304883620990 0.00082321006115476365 0.00047808729729717725 0.00023312064979840705 0.00007244491216927921 -0.00000612492061044191 
0.00246383480714273610 0.00244698990298238650 0.00239280291534896840 0.00216528595112790810 0.00177456051994342590 0.00131144050253615230 0.00085055532555189861 0.00041236076771756759 0.00005681589439203835 -0.00020112455938011442 -0.00034611268890089459 -0.00041043445816991400 
0.00206471318177240460 0.00201266535769084730 0.00188828323797539520 0.00166013600331220940 0.00130789693881283800 0.00088509683613915773 0.00040599477430115495 -0.00006410896051456048 -0.00049650471619948138 -0.00075786792893578773 -0.00085540496766572992 -0.00088426685684873853 
0.00171971550628542080 0.00164535713240201110 0.00150312350939961960 0.00125689135460419500 0.00092108423701267659 0.00047980334704302859 -0.00002734924199510747 -0.00062611329613046485 -0.00122478723509612050 -0.00150539462554417890 -0.00143794502948253640 -0.00137814472931270720 
0.00144493114906989510 0.00137063243108976790 0.00120201680417922580 0.00095717332835867561 0.00060244671575964987 0.00016146650065879237 -0.00042507345388607433 -0.00117436332729372610 -0.00231440581041904420 -0.00258207676465666220 -0.00202007413820453310 -0.00181786087347646120 
0.00122904460706075850 0.00115277036374926100 0.00098650453883196323 0.00072645370898158509 0.00038439968930166897 -0.00007315677514425266 -0.00063855519180698443 -0.00141548226975720810 -0.00254002414532582050 -0.00282646220812321970 -0.00226855523736587020 -0.00206504574317465260 
0.00107865958505310000 0.00100149666202901790 0.00083086673644999700 0.00057467701321395966 0.00023231077961078996 -0.00020108163905711038 -0.00072189142779481043 -0.00133263846841654010 -0.00195543690657441070 -0.00224190717603355020 -0.00217848633140894050 -0.00211508686377352920 
0.00099951553794470232 0.00092037149083630456 0.00074814432485823337 0.00049492812713380452 0.00015377131452139686 -0.00026204248797046480 -0.00075046427780204976 -0.00127157210110541670 -0.00174680591563093780 -0.00202781640192657580 -0.00210267708335750300 -0.00210888197356551900 
