-0.00000000000000088818 0.01599889235350748800 0.00535974080462442440 0.00362192939009919890 0.00296487059849792620 0.00179268840858570750 0.00147297335861407140 0.00040852857627260430 -0.00067845197204308150 -0.00053389658834096521 -0.00022836320012387112 0.00000000000000000000 
0.01563687013120129700 0.02327794503750446600 0.01534794087345359200 0.00639506316162141710 0.00911579397796868920 0.00648035039085348430 0.00323384884657196280 0.00458090209665829030 -0.00095971383947812683 -0.00059025978008819813 -0.00111443992308318810 -0.00052812531119034167 
0.00489612392224714200 0.01377444320937337700 -0.24765034665883690000 -0.24334007591248641000 0.00363791623429565720 0.00155315415234169580 0.00246961417846081050 -0.00053899673689783434 0.00156425767833634490 -0.00207427451434277770 -0.00063267992085475067 0.00027084935976595670 
0.00291625323717759070 0.00609294863833120810 -0.24368572744779948000 -0.24406438531221952000 0.00067965811328840608 0.00302048692865120040 -0.00141743960792739540 0.00181499820490327310 -0.00283747277934226490 -0.00004780083105199173 -0.00074735206541462484 -0.00044460667183132685 
0.00211161221730327140 0.00620251461154364140 0.00340391966689890250 0.00003742464926981270 0.00334381009338002850 -0.00235224397734445920 0.00119860843029984120 -0.00317342391165570390 0.00130903428558770680 -0.00309552532307155740 -0.00118603757667858770 0.00002786138811113086 
0.00087800502530410718 0.00584269460872688380 0.00015423474376663471 0.00305576629372894540 -0.00289688944433308390 0.00102045171276787800 -0.00411438856965246070 0.00245219990467734910 -0.00496003918375359510 -0.00137460616216140970 -0.00144984275997619980 -0.00074896004579425024 
0.00029896590385658506 -0.00076577005223676942 0.00224564716482222870 -0.00319485042590550440 0.00133772641905993690 -0.00507624665131789500 0.00291092861558039930 -0.00688702471312025580 -0.00056583925011244318 -0.00388182349775345600 -0.00065846361440941026 0.00126955812555384910 
-0.00059688482170572321 0.00355798259722917010 -0.00287214485968612100 0.00200902740524400160 -0.00537098750932274440 0.00303622021456390060 -0.00806278908943679730 0.00199358347510847360 -0.00623079813781790560 0.00272181626853462700 -0.00104232679453819530 -0.00081195748540885404 
-0.00221772319940671810 -0.00539339737543587110 0.00134878064955656910 -0.00588739035756602470 0.00206450283688996980 -0.00890583709678800790 0.00309491767768532710 -0.01204148780350111600 0.25003752586452466000 0.23932372772483546000 -0.00376435676385855620 -0.00139420979750437550 
-0.00155126954674666970 -0.00337005712262838930 -0.00488311059710078150 -0.00044068306421146675 -0.00713437643724934570 -0.00016467485419289357 -0.01171916791169641500 -0.00340590156387499120 0.23735655966032687000 0.24095311550558973000 -0.00228204231138318110 -0.00091667194859113010 
-0.00085276096156566839 -0.00335785946650279940 -0.00182079745126989550 -0.00203741706230436970 -0.00251665429272857070 -0.00294528760152402980 -0.00506504068214408410 -0.00487135694390672390 -0.00570644533318120930 -0.00296253910498101010 -0.00205647832242994430 -0.00103010243210499560 
0.00000000000000011102 -0.00172194670854453060 0.00024960194033624150 -0.00117961138947050850 0.00055907129482291040 -0.00167719052811482470 -0.00059230395930603974 -0.00218770268000201270 -0.00207470659110220450 -0.00114350421312359170 -0.00103010243210499560 0.00000000000000088818 
