0.00472326450755518580 0.00472326362316323290 0.00467864793168567240 0.00450020923321123570 0.00410532068941133360 0.00358076341874716830 0.00302282076085631620 0.00249072165051217360 0.00201496972668595200 0.00161018569093561390 0.00128314806017795180 0.00103686116268193000 0.00087247695770870223 0.00079028509896938808 
0.00472326539194713790 0.00476787182538596170 0.00481247072988762610 0.00471665732891876550 0.00423498936320774920 0.00361414682189728240 0.00299697658531826060 0.00243437190258503950 0.00194400077679174400 0.00153243542134315870 0.00120239484665139660 0.00095495841640661893 0.00079028558926616391 0.00070809324023007381 
0.00467865320005207440 0.00481247442234987360 0.00508651992780377770 0.00531750415952247750 0.00450364870876414010 0.00364385501885557910 0.00291657057623869680 0.00230578449341154340 0.00179422809745903750 0.00137315529255084640 0.00103903335812757160 0.00079028884134757060 0.00062561701203938649 0.00054371311569094080 
0.00450021926904408800 0.00471666590920264120 0.00531750934836732090 0.00630032775005971370 0.00473212544042455380 0.00354087197333770180 0.00271966642770426860 0.00207797321745339850 0.00155397123691453170 0.00112692916739181920 0.00079029237674515249 0.00054154890749734332 0.00037818591694965142 0.00029743215161782971 
0.00410533680190383780 0.00423500446662562930 0.00450366038508424190 0.00473213211558662450 0.00392079052726418930 0.00306638780319770520 0.00234325677198271710 0.00173247049547916470 0.00121676050946850310 0.00079029673218163987 0.00045366114720208679 0.00020743060975868184 0.00004815053769861677 -0.00002959926335988577 
0.00358078605302534610 0.00361416860232748570 0.00364387412887143570 0.00354088613409717180 0.00306639557371641550 0.00246044936306596880 0.00185450239917429500 0.00129189693640353550 0.00079030298860502596 0.00036384049255069949 0.00002662367952618880 -0.00021363553098413367 -0.00036340982649060689 -0.00043437778186651907 
0.00302285069216814580 0.00299700622543233940 0.00291659745206665050 0.00271968901607544560 0.00234327293392726230 0.00185451100246336750 0.00132241139775899970 0.00079031098152220749 0.00028871821944008436 -0.00015186316233633412 -0.00049736950786896455 -0.00072518524999322191 -0.00085377259421738963 -0.00091012172756333722 
0.00249075855808154630 0.00243440861604540250 0.00230581956375334710 0.00207800401355732370 0.00173249555340326370 0.00129191440891686820 0.00079032004486611046 0.00025822074901408511 -0.00027387961948651871 -0.00076263943180603989 -0.00113905544265756960 -0.00133596213493197750 -0.00141636996622181020 -0.00144221307535098880 
0.00201501396648565930 0.00194404537503203880 0.00179427084199232110 0.00155401065406307860 0.00121679406824939510 0.00079032949303256409 0.00028873625808441500 -0.00027387050488890776 -0.00087981590192492943 -0.00148576234708521110 -0.00196025041146682650 -0.00206323807116452760 -0.00203352998378536440 -0.00200014600709300930 
0.00161023631317519660 0.00153248646683715140 0.00137320567398655620 0.00112697606520550460 0.00079033861525840729 0.00036387521198813169 -0.00015183650336811263 -0.00076262173050831064 -0.00148575366752492300 -0.00234015412642015440 -0.00315149544183148660 -0.00292302120344797640 -0.00265436373099804230 -0.00252469414224835510 
0.00128320536206566340 0.00120245249427429610 0.00103909013057883580 0.00079034654874198993 0.00045371017892473036 0.00002666605938795928 -0.00049733524094618467 -0.00113902994508660750 -0.00196023392234406360 -0.00315148762562281110 -0.00471968704792398790 -0.00373686760967959640 -0.00313602068430246260 -0.00291957251613857160 
0.00103692475733693710 0.00095502247574108111 0.00079035211679105157 0.00054160934343010420 0.00020748610761213421 -0.00021358673971246179 -0.00072514449749120833 -0.00133593017385752340 -0.00206321514942118480 -0.00292300699962443460 -0.00373686124396174120 -0.00350587401934856610 -0.00323182556353387780 -0.00309800245214744260 
0.00087254504695458558 0.00079035484392022857 0.00062568504988987756 0.00037825081290509828 0.00004821040234381164 -0.00036335674688449263 -0.00085372756821887319 -0.00141633376098327710 -0.00203350282823255890 -0.00265434528177598080 -0.00313601002657489580 -0.00323182121497567550 -0.00318721587169375860 -0.00314260882362790190 
0.00079035462089316756 0.00070816419483174953 0.00054378241201570522 0.00029749812077795832 -0.00002953841348680990 -0.00043432366443821931 -0.00091007555548208306 -0.00144217558517520730 -0.00200011739902880700 -0.00252467405446981820 -0.00291956002213479000 -0.00309799608945953270 -0.00314260670273193220 -0.00314260776317991720 
