905.71044509389344000000 905.71044509389344000000 613.01378649988021000000 372.44277540867478000000 208.55175044124039000000 109.44588635524062000000 54.37783613379775000000 25.67400906564895600000 11.44665074525226300000 4.68820145601302850000 1.67501503491981270000 0.79029916631227337000 
905.71044509389344000000 867.09441448685629000000 551.52804898908926000000 312.29422086504104000000 162.38384609456025000000 78.99221205659831900000 36.29979774055268400000 15.74934856379069200000 6.31695213924433130000 2.15071614278225280000 0.39999696636196691000 -0.09441670229526588600 
613.01378649988021000000 551.52804898908926000000 368.86992062508614000000 219.34880566502559000000 119.27831273602162000000 60.36170110703815100000 28.68306249062501900000 12.77267879999679000000 5.19630880460333700000 1.74180018382982360000 0.25245005989838631000 -0.16791916566012521000 
372.44277540867478000000 312.29422086504104000000 219.34880566502562000000 137.11221256102289000000 78.16002836153190000000 41.27107560370422600000 20.33091703080403400000 9.29261965121919960000 3.80428577411605230000 1.20376251722566230000 0.04661998057721172800 -0.27755409265730158000 
208.55175044124039000000 162.38384609456025000000 119.27831273602162000000 78.16002836153190000000 46.62055259767044600000 25.64062749775904800000 13.05267593147523900000 6.07447054716923770000 2.44217614586453900000 0.64808404015193877000 -0.17805703695165809000 -0.40527071199326242000 
109.44588635524059000000 78.99221205659831900000 60.36170110703815100000 41.27107560370422600000 25.64062749775904500000 14.60384438857206200000 7.60890158520231990000 3.53077029061624880000 1.30707457780992200000 0.16088572815649171000 -0.38567900444408898000 -0.53101204024586601000 
54.37783613379774300000 36.29979774055268400000 28.68306249062502300000 20.33091703080403400000 13.05267593147523700000 7.60890158520231810000 3.96976480952285100000 1.74041250821124540000 0.46747275619833650000 -0.21720442750226832000 -0.55508983023323877000 -0.64015373128758601000 
25.67400906564895300000 15.74934856379069200000 12.77267879999679000000 9.29261965121919790000 6.07447054716923600000 3.53077029061624790000 1.74041250821124540000 0.58943153191640318000 -0.09824049875378093600 -0.48388440573379832000 -0.68044042427910223000 95.28642967768333000000 
11.44665074525226200000 6.31695213924433220000 5.19630880460333700000 3.80428577411605230000 2.44217614586453900000 1.30707457780992150000 0.46747275619833628000 -0.09824049875378104700 -0.45190141137578188000 -0.65818388460155464000 206.26054234225282000000 368.25944346616927000000 
4.68820145601302850000 2.15071614278225280000 1.74180018382982360000 1.20376251722566230000 0.64808404015193899000 0.16088572815649171000 -0.21720442750226832000 -0.48388440573379832000 -0.65818388460155464000 269.27093374633444000000 585.00498093506553000000 700.84388914592239000000 
1.67501503491981270000 0.39999696636196691000 0.25245005989838631000 0.04661998057721172800 -0.17805703695165809000 -0.38567900444408898000 -0.55508983023323877000 -0.68044042427910223000 206.26054234225279000000 585.00498093506553000000 867.13611197937917000000 905.74908138731121000000 
0.79029916631227337000 -0.09441670229526588600 -0.16791916566012532000 -0.27755409265730169000 -0.40527071199326242000 -0.53101204024586601000 -0.64015373128758601000 95.28642967768330200000 368.25944346616922000000 700.84388914592239000000 905.74908138731121000000 905.74908138731121000000 
