0.00417360988681742420 0.00417360988681741200 0.00404609431730156790 0.00353224799214871960 0.00282908705019453480 0.00212201766520773910 0.00149515511992648340 0.00098106134738665208 0.00059180646914737292 0.00033161782917212932 0.00020152362018533031 
0.00417360988681741200 0.00430264119272450500 0.00443304913170057980 0.00372207281123330390 0.00283338523872907070 0.00204208382133208750 0.00138255560916255840 0.00085630856387062517 0.00046276909029148070 0.00020152362018504544 0.00007142941119853130 
0.00404609431730156700 0.00443304913170057980 0.00562498010793964580 0.00408392427021598850 0.00274160690468912890 0.00183132423454147310 0.00113728005471203440 0.00059915937358357384 0.00020152420139124983 -0.00005977712887773943 -0.00018884055613073431 
0.00353224799214871960 0.00372207281123330390 0.00408392427021598850 0.00320099710454003260 0.00221816464842172290 0.00140472912944302380 0.00073626487418137305 0.00020152491980139468 -0.00019618929242692297 -0.00045352877722586968 -0.00057832770167085402 
0.00282908705019453440 0.00283338523872907030 0.00274160690468912850 0.00221816464842172290 0.00152571409431029640 0.00083337360608161457 0.00020152550100727853 -0.00033331035553394486 -0.00073457934016601283 -0.00098019314423652168 -0.00109285058497675390 
0.00212201766520773860 0.00204208382133208750 0.00183132423454147290 0.00140472912944302380 0.00083337360608161447 0.00020152572300814598 -0.00043042715734136985 -0.00100207905369961910 -0.00142910850682781830 -0.00164035931605956730 -0.00172035359311028740 
0.00149515511992648300 0.00138255560916255800 0.00113728005471203420 0.00073626487418137294 0.00020152550100727842 -0.00043042715734136985 -0.00112308144503809310 -0.00181602608364690960 -0.00234007981603112210 -0.00243249798363524840 -0.00242825400017759220 
0.00098106134738665165 0.00085630856387062485 0.00059915937358357362 0.00020152491980139455 -0.00033331035553394497 -0.00100207905369961910 -0.00181602608364690960 -0.00279953809482435870 -0.00368324086844173820 -0.00332216457883327980 -0.00313238107040909530 
0.00059180646914737259 0.00046276909029148043 0.00020152420139124967 -0.00019618929242692313 -0.00073457934016601283 -0.00142910850682781830 -0.00234007981603112210 -0.00368324086844173860 -0.00522521493963564680 -0.00403417344520554720 -0.00364724373045618050 
0.00033161782917212910 0.00020152362018504525 -0.00005977712887773958 -0.00045352877722586979 -0.00098019314423652168 -0.00164035931605956730 -0.00243249798363524800 -0.00332216457883327930 -0.00403417344520554630 -0.00390474227634814590 -0.00377572077419438290 
0.00020152362018533009 0.00007142941119853113 -0.00018884055613073452 -0.00057832770167085413 -0.00109285058497675390 -0.00172035359311028740 -0.00242825400017759140 -0.00313238107040909440 -0.00364724373045618000 -0.00377572077419438290 -0.00377572077419439500 
