0.00398840374067491520 0.00398838259611025790 0.00385949015704514960 0.00334421024887854470 0.00263887278372873120 0.00192862348930912550 0.00129939325594910330 0.00078278366677503406 0.00039174879247775489 0.00013036806890538060 0.00000000000000000067 
0.00398838259611025790 0.00411706128174400660 0.00424637806884914020 0.00353367540702960620 0.00264246977057478690 0.00184812071449363700 0.00118606460117032130 0.00065776621352760505 0.00026221330718582248 0.00000000000000000081 -0.00013036806890537908 
0.00385949015704514960 0.00424637806884914200 0.00543679592034584680 0.00389363752346218090 0.00254870939059185200 0.00163580765381351160 0.00093924819004399015 0.00039930128379340183 0.00000000000000000108 -0.00026221330718582031 -0.00039174879247775305 
0.00334421024887854560 0.00353367540702960710 0.00389363752346218040 0.00300882216054537860 0.00202309715225874360 0.00120704223723223770 0.00053655545465749349 0.00000000000000000138 -0.00039930128379339874 -0.00065776621352760267 -0.00078278366677503157 
0.00263887278372873170 0.00264246977057478820 0.00254870939059185240 0.00202309715225874310 0.00132835907760238840 0.00063384578902942758 0.00000000000000000158 -0.00053655545465748980 -0.00093924819004398733 -0.00118606460117031810 -0.00129939325594910070 
0.00192862348930912620 0.00184812071449363810 0.00163580765381351290 0.00120704223723223790 0.00063384578902942747 0.00000000000000000173 -0.00063384578902942303 -0.00120704223723223400 -0.00163580765381350720 -0.00184812071449363370 -0.00192862348930912160 
0.00129939325594910400 0.00118606460117032200 0.00093924819004399113 0.00053655545465749381 0.00000000000000000175 -0.00063384578902942314 -0.00132835907760238420 -0.00202309715225873790 -0.00254870939059184720 -0.00264246977057478120 -0.00263887278372872650 
0.00078278366677503428 0.00065776621352760559 0.00039930128379340204 0.00000000000000000168 -0.00053655545465749002 -0.00120704223723223400 -0.00202309715225873790 -0.00300882216054537430 -0.00389363752346217090 -0.00353367540702959930 -0.00334421024887853650 
0.00039174879247775516 0.00026221330718582264 0.00000000000000000139 -0.00039930128379339885 -0.00093924819004398722 -0.00163580765381350760 -0.00254870939059184720 -0.00389363752346217220 -0.00543679592034583550 -0.00424637806884913240 -0.00385949015704514140 
0.00013036806890538073 0.00000000000000000104 -0.00026221330718582036 -0.00065776621352760256 -0.00118606460117031830 -0.00184812071449363370 -0.00264246977057478210 -0.00353367540702960010 -0.00424637806884913160 -0.00411706128174399790 -0.00398838259611024660 
0.00000000000000000080 -0.00013036806890537902 -0.00039174879247775299 -0.00078278366677503157 -0.00129939325594910070 -0.00192862348930912180 -0.00263887278372872690 -0.00334421024887853740 -0.00385949015704514140 -0.00398838259611024750 -0.00398840374067490660 
