-0.00005181965046285875 0.00013695819179915247 0.00001858488800743352 0.00001269293776062774 0.00000738048162007843 0.00000292318292072213 -0.00000044705613500007 -0.00000260854787004217 -0.00000353740291619831 -0.00000330194214942514 -0.00000205084386034615 -0.00000000890532909914 
0.00013695819179915247 0.00032803943135517599 -0.00077130674979430935 -0.00080099507005115811 0.00012699634944057792 0.00009820510598101961 0.00006757567322102087 0.00004067916242023184 0.00001894541613256529 0.00000331662116109799 -0.00000578466323683524 -0.00000633997961207999 
0.00001858488800721148 -0.00077130674979430935 -0.24927699245090329000 -0.24929257434150909000 -0.00092065653873563136 0.00002741451993459876 0.00001300339488030655 0.00000089702058236885 -0.00000826949025312107 -0.00001413705929742548 -0.00001661506453984329 -0.00000986875409559338 
0.00001269293776084979 -0.00080099507005115811 -0.24929257434150909000 -0.24930729584127254000 -0.00093446440061151215 0.00001453470378764976 0.00000103068661572170 -0.00001021931022188172 -0.00001860289351532374 -0.00002377572345932432 -0.00002565366233529820 -0.00001320059868266388 
0.00000738048162007843 0.00012699634944057792 -0.00092065653873563136 -0.00093446440061151215 0.00001135216958392249 0.00000109974861806084 -0.00001145895620419113 -0.00002180448392671841 -0.00002936288115083091 -0.00003380536205474516 -0.00003505452556124000 -0.00001609390819601320 
0.00000292318292094418 0.00009820510598079757 0.00002741451993504285 0.00001453470378764976 0.00000109974861806084 -0.00001188414694197615 -0.00002347526004611855 -0.00003291355369601512 -0.00003965012869844298 -0.00004337219710481843 -0.00004400906542445515 -0.00001833740915546667 
-0.00000044705613511109 0.00006757567322102087 0.00001300339488041757 0.00000103068661572170 -0.00001145895620413562 -0.00002347526004611855 -0.00003413114478742485 -0.00004270040095866179 -0.00004864537599313934 -0.00005169803209736923 -0.00005179410182454269 -0.00001978153394432969 
-0.00000260854787004217 0.00004067916242023184 0.00000089702058214680 -0.00001021931022177069 -0.00002180448392669065 -0.00003291355369591797 -0.00004270040095866179 -0.00004674660810877196 0.00090824156453650495 0.00090577333453101261 -0.00005409296645342288 -0.00002034505856363111 
-0.00000353740291603177 0.00001894541613250977 -0.00000826949025312107 -0.00001860289351529598 -0.00002936288115082397 -0.00003965012869855400 -0.00004864537599313934 0.00090824156453561677 0.24929180789613303000 0.24928981409334172000 0.00090231319665390330 -0.00002000218020836719 
-0.00000330194214948065 0.00000331662116109799 -0.00001413705929739773 -0.00002377572345935619 -0.00003380536205466189 -0.00004337219710481843 -0.00005169803209736923 0.00090577333453101261 0.24928981409334172000 0.24928816978788615000 0.00090088890601358607 -0.00001883561319737659 
-0.00000205084386034615 -0.00000578466323689075 -0.00001661506453986411 -0.00002565366233528432 -0.00003505452556124000 -0.00004400906542467720 -0.00005179410182476474 -0.00005409296645364492 0.00090231319665412535 0.00090088890601403016 -0.00005832113229575775 -0.00001695656242239885 
-0.00000000890532909914 -0.00000633997961207999 -0.00000986875409556129 -0.00001320059868267776 -0.00001609390819590217 -0.00001833740915552218 -0.00001978153394444071 -0.00002034505856352009 -0.00002000218020858924 -0.00001883561319715454 -0.00001695656242239885 0.00002650044008234431 
