0.00420466847515493010 0.00420466844009450070 0.00413262709351359690 0.00384447473200681160 0.00334284888088496940 0.00277958760067220040 0.00224404103057552170 0.00177705030618328210 0.00139592428738828590 0.00110777193902723770 0.00091523079314926236 0.00081896023817428594 
0.00420466851021535520 0.00427670975139566800 0.00434873801781477010 0.00405794813328281490 0.00340448432724454590 0.00275187290797183600 0.00217548520266820080 0.00169118562083557370 0.00130295064415743720 0.00101216077115626280 0.00081896024004657884 0.00072268968319930962 
0.00413262729951013270 0.00434873815740178040 0.00492097283710197540 0.00462740121314635710 0.00346524155444534120 0.00264793455772902680 0.00201484131458125800 0.00150925639054913080 0.00111253196940710700 0.00081896035673515160 0.00062575982702083553 0.00053014865061671050 
0.00384447512891467580 0.00405794847107750390 0.00462740141299636340 0.00433382979204487060 0.00317445187410587710 0.00235978239645232790 0.00172668915017688200 0.00121846670529414220 0.00081896054175502960 0.00052538892879350923 0.00033497013973418177 0.00024199648110227490 
0.00334284951217976060 0.00340448490834734020 0.00346524200026466970 0.00317445212241293780 0.00253225950385127950 0.00189005393529514520 0.00131366622435549970 0.00081896078084172112 0.00041945461536183141 0.00012866474173151048 -0.00005326460528037385 -0.00013912931207505714 
0.00277958849071429380 0.00275187375935945480 0.00264793527914907200 0.00235978292323341590 0.00189005421584108610 0.00135450763838807610 0.00081896105718366893 0.00032425561162676098 -0.00008876756071999004 -0.00037691991772476053 -0.00053756392869323344 -0.00060611978352075686 
0.00224404218811524510 0.00217548633198463240 0.00201484231879689360 0.00172668996551838200 0.00131366679643904820 0.00081896135037180285 0.00028341476813992846 -0.00025213181193327214 -0.00072186052308747335 -0.00101001288258681460 -0.00111395136067638200 -0.00114166608904190230 
0.00177705172399546710 0.00169118701867297550 0.00150925766917831690 0.00121846779940417960 0.00081896163543572497 0.00032425618932729509 -0.00025213152667479883 -0.00089433709945607428 -0.00153652972302211230 -0.00182731960412284010 -0.00176656251047536400 -0.00170492711007565300 
0.00139592594074321910 0.00130295228822494280 0.00111253349610948180 0.00081896188632333005 0.00041945572253300332 -0.00008876672895802012 -0.00072185998295593327 -0.00153652946777775840 -0.00269590739113780530 -0.00298947901521677330 -0.00242002607088364790 -0.00220655272422422230 
0.00110777377801385910 0.00101216261387724830 0.00081896208072985998 0.00052539047058373402 0.00012866604698999159 -0.00037691888647452141 -0.00101001214140607160 -0.00182731914623049260 -0.00298947881124754810 -0.00328305043620963220 -0.00271081575289193940 -0.00249470489065280620 
0.00091523274170357278 0.00081896220282686718 0.00062576166886567494 0.00033497179907959052 -0.00005326318070922378 -0.00053756277479429090 -0.00111395049263598330 -0.00176656192119864480 -0.00242002573138102880 -0.00271081561468858830 -0.00263878734140023150 -0.00256674609722735240 
0.00081896220441944254 0.00072269166713531229 0.00053015051271594377 0.00024199816235858247 -0.00013912786103955014 -0.00060611859631966292 -0.00114166517956487860 -0.00170492647086022870 -0.00220655232688127950 -0.00249470468843617650 -0.00256674602982180950 -0.00256674606352458400 
