0.00366820827190728930 0.00366802834256540430 0.00359692759301100640 0.00330997229228781810 0.00280970388623948740 0.00224786035184933310 0.00171369524053246100 0.00124796329364777070 0.00086790265097836674 0.00058057117213248025 0.00038857713802936905 0.00029257303154321928 
0.00366802834256540430 0.00373990026133207920 0.00381291120590207060 0.00352337354301407710 0.00287133026792589590 0.00222020222865744600 0.00164525897154378520 0.00116227387451672070 0.00077514892185682018 0.00048521079723588925 0.00029257296844115518 0.00019656886321450635 
0.00359692759301100590 0.00381291120590207010 0.00438608712937754810 0.00409371794017627900 0.00293292333288591160 0.00211704130321341450 0.00148533381797699210 0.00098100680520198059 0.00058533993008611331 0.00029257315860449810 0.00009989490401237793 0.00000451656202294968 
0.00330997229228781760 0.00352337354301407710 0.00409371794017627900 0.00380128932250043410 0.00264321037204239210 0.00182989621194396580 0.00119811849330212370 0.00069108582753769552 0.00029257340766550787 -0.00000025117093928697 -0.00019019845541172909 -0.00028298261417258799 
0.00280970388623948740 0.00287133026792589590 0.00293292333288591160 0.00264321037204239210 0.00200224328472389800 0.00136131561466090300 0.00078616527329578359 0.00029257363654907405 -0.00010601014278301342 -0.00039611790380611451 -0.00057763309098030340 -0.00066335761995316969 
0.00224786035184933350 0.00222020222865744640 0.00211704130321341450 0.00182989621194396580 0.00136131561466090300 0.00082696532582314498 0.00029257377258628284 -0.00020109783188143840 -0.00061327362043740188 -0.00090081196998056793 -0.00106110181895548680 -0.00112956891795797860 
0.00171369524053246120 0.00164525897154378540 0.00148533381797699210 0.00119811849330212370 0.00078616527329578359 0.00029257377258628284 -0.00024190069953156803 -0.00077649368256881978 -0.00124544988522054900 -0.00153305573253649630 -0.00163669891541299020 -0.00166437465808441460 
0.00124796329364777100 0.00116227387451672110 0.00098100680520198102 0.00069108582753769562 0.00029257363654907405 -0.00020109783188143840 -0.00077649368256881967 -0.00141782284420393640 -0.00205931432045054240 -0.00234962117364366460 -0.00228862313333823370 -0.00222699351264577740 
0.00086790265097836663 0.00077514892185682040 0.00058533993008611364 0.00029257340766550803 -0.00010601014278301325 -0.00061327362043740144 -0.00124544988522054880 -0.00205931432045054110 -0.00321805614564696150 -0.00351120141564847510 -0.00294155457725087370 -0.00272812403164359720 
0.00058057117213248036 0.00048521079723588947 0.00029257315860449826 -0.00000025117093928674 -0.00039611790380611434 -0.00090081196998056728 -0.00153305573253649560 -0.00234962117364366420 -0.00351120141564847510 -0.00380439450151530890 -0.00323200366450753730 -0.00301596290906336590 
0.00038857713802936921 0.00029257296844115545 0.00009989490401237817 -0.00019019845541172885 -0.00057763309098030307 -0.00106110181895548590 -0.00163669891541298910 -0.00228862313333823330 -0.00294155457725087410 -0.00323200366450753780 -0.00315984649724217240 -0.00308789183390839000 
0.00029257303154321950 0.00019656886321450659 0.00000451656202294987 -0.00028298261417258766 -0.00066335761995316926 -0.00112956891795797770 -0.00166437465808441370 -0.00222699351264577700 -0.00272812403164359680 -0.00301596290906336630 -0.00308789183390839000 -0.00308798384932534260 
