0.00391561939382373100 0.00391561939382373010 0.00388968579516821160 0.00378595123420387640 0.00354436907116846430 0.00316614297723978760 0.00271439808725509450 0.00224642240017634740 0.00179864508199568500 0.00139124043206742090 0.00103470395112045160 0.00073433933295919481 0.00049275715664236035 0.00031116109514547755 0.00019001906796777991 0.00012944805437893129 
0.00391561939382373100 0.00394155306026257660 0.00396748678801183990 0.00392379885190553050 0.00368101301466938450 0.00323966179488909420 0.00273062890303488570 0.00222622404647501110 0.00175827242556697200 0.00134037227178071760 0.00097853209425781710 0.00067555689471986873 0.00043277104363784223 0.00025070706143143722 0.00012944805437893126 0.00006887704079008265 
0.00388968579516821200 0.00396748678801184080 0.00411490287578002160 0.00426059276986211820 0.00401607073151996710 0.00338085569108106470 0.00274223173170647220 0.00216957250763541230 0.00166784834207919130 0.00123344416532942440 0.00086349528040491601 0.00055658512110205239 0.00031206306837444013 0.00012944805437893240 0.00000818904612910998 -0.00005226498816484615 
0.00378595123420387770 0.00392379885190553140 0.00426059276986211900 0.00490902135424688740 0.00466324417879411710 0.00352200610204935010 0.00268786319579733660 0.00204198593821840060 0.00151010429138538410 0.00106206078212447120 0.00068541975009054940 0.00037522524498761784 0.00012944805437893411 -0.00005316696136752563 -0.00017387494076506540 -0.00023386105486870339 
0.00354436907116846430 0.00368101301466938500 0.00401607073151996710 0.00466324417879411790 0.00441746700206121880 0.00327748405989973040 0.00244507735232386060 0.00180040376927750340 0.00126852212038575930 0.00081927493251374064 0.00044089769784054082 0.00012944805437893598 -0.00011632913847160430 -0.00029768902031933488 -0.00041666080146689769 -0.00047544324123318201 
0.00316614297723978810 0.00323966179488909510 0.00338085569108106550 0.00352200610204935010 0.00327748405989973040 0.00264680849505808960 0.00201440672003447980 0.00144602967210239260 0.00094430550043004765 0.00050561913542541634 0.00012944805437893777 -0.00018200159173104426 -0.00042652365110368306 -0.00060459919151115995 -0.00071963601664718911 -0.00077580787534949384 
0.00271439808725509490 0.00273062890303488620 0.00274223173170647310 0.00268786319579733710 0.00244507735232386060 0.00201440672003447980 0.00151970471542790550 0.00102500271093438740 0.00055705108003057866 0.00012944805437893928 -0.00024672302961999836 -0.00056037883494896462 -0.00080316469684097521 -0.00097454809475918129 -0.00108147621649031680 -0.00113234437879906720 
0.00224642240017634740 0.00222622404647501110 0.00216957250763541270 0.00204198593821840100 0.00180040376927750340 0.00144602967210239260 0.00102500271093438720 0.00057722538265666374 0.00012944805437894012 -0.00029815497441323030 -0.00068540940385023667 -0.00100962603780297630 -0.00125120822639098900 -0.00140895229655185660 -0.00149937639943633030 -0.00153974905793363140 
0.00179864508199568500 0.00175827242556697200 0.00166784834207919160 0.00151010429138538410 0.00126852212038575930 0.00094430550043004776 0.00055705108003057866 0.00012944805437894015 -0.00031832927710295642 -0.00076610661485835305 -0.00118713359119005540 -0.00154150770814539080 -0.00178308989999557550 -0.00191067649363591560 -0.00196732805598218930 -0.00198752641166761090 
0.00139124043206742070 0.00134037227178071730 0.00123344416532942420 0.00106206078212447100 0.00081927493251374053 0.00050561913542541634 0.00012944805437893928 -0.00029815497441323030 -0.00076610661485835294 -0.00126080863508084530 -0.00175551066087790190 -0.00218618131861945820 -0.00242896719020214810 -0.00248333575496269280 -0.00247173295377510270 -0.00245550213977890250 
0.00103470395112045140 0.00097853209425781689 0.00086349528040491591 0.00068541975009054929 0.00044089769784054077 0.00012944805437893777 -0.00024672302961999836 -0.00068540940385023667 -0.00118713359119005520 -0.00175551066087790170 -0.00238791246288278880 -0.00301858805860368310 -0.00326311013381171000 -0.00312195975606964360 -0.00298076589108665570 -0.00290724707492911630 
0.00073433933295919470 0.00067555689471986862 0.00055658512110205228 0.00037522524498761768 0.00012944805437893592 -0.00018200159173104426 -0.00056037883494896462 -0.00100962603780297630 -0.00154150770814539080 -0.00218618131861945820 -0.00301858805860368310 -0.00415857103670239090 -0.00440434825107225390 -0.00375717484103107020 -0.00342211715875313450 -0.00328547321639385740 
0.00049275715664236024 0.00043277104363784213 0.00031206306837444002 0.00012944805437893400 -0.00011632913847160433 -0.00042652365110368306 -0.00080316469684097510 -0.00125120822639098880 -0.00178308989999557530 -0.00242896719020214810 -0.00326311013381171000 -0.00440434825107225390 -0.00465012546826426910 -0.00400169692465090260 -0.00366490304417509040 -0.00352705542724626380 
0.00031116109514547745 0.00025070706143143722 0.00012944805437893237 -0.00005316696136752567 -0.00029768902031933488 -0.00060459919151115995 -0.00097454809475918118 -0.00140895229655185640 -0.00191067649363591540 -0.00248333575496269280 -0.00312195975606964360 -0.00375717484103107020 -0.00400169692465090260 -0.00385600707432824870 -0.00370859102641741750 -0.00363079003400306860 
0.00019001906796777983 0.00012944805437893123 0.00000818904612910996 -0.00017387494076506540 -0.00041666080146689758 -0.00071963601664718890 -0.00108147621649031680 -0.00149937639943633010 -0.00196732805598218930 -0.00247173295377510310 -0.00298076589108665570 -0.00342211715875313450 -0.00366490304417509040 -0.00370859102641741750 -0.00368265734031534120 -0.00365672367403324350 
0.00012944805437893121 0.00006887704079008261 -0.00005226498816484615 -0.00023386105486870331 -0.00047544324123318185 -0.00077580787534949351 -0.00113234437879906670 -0.00153974905793363120 -0.00198752641166761050 -0.00245550213977890250 -0.00290724707492911630 -0.00328547321639385740 -0.00352705542724626380 -0.00363079003400306860 -0.00365672367403324350 -0.00365672367403324350 
