0.00012361728371512726 0.00006101092683641340 0.00016861834901393813 0.00005030248786286329 0.00012493852105632808 0.00003291071928024358 0.00007003892624829478 0.00001497018497187419 0.00002311387293310596 0.00000265761289323235 -0.00000000000000000656 
0.00006101092683596932 0.00020276733173862915 -0.00457174082677536120 -0.00069759839891636588 0.00005324434285114421 0.00012167289949838178 0.00002833924570655455 0.00004939514119939314 0.00000691717049183804 -0.00000000000000001968 -0.00000265761289317684 
0.00016861834901371608 -0.00457174082677447300 -0.66131394519508890000 -0.12661834948281392000 0.00010726340834743553 0.00003444393592555439 0.00006417734155444999 0.00000979384854774001 -0.00000000000000002624 -0.00000691717049172702 -0.00002311387293316147 
0.00005030248786286329 -0.00069759839891680997 -0.12661834948281347000 -0.02411184584929948500 0.00003141279017238041 0.00007368875341362546 0.00001188879244712338 -0.00000000000000002624 -0.00000979384854765675 -0.00004939514119944866 -0.00001497018497187419 
0.00012493852105643910 0.00005324434285136626 0.00010726340834699144 0.00003141279017238041 0.00007696845095828131 0.00001299196408716119 -0.00000000000000001312 -0.00001188879244701235 -0.00006417734155444999 -0.00002833924570655455 -0.00007003892624823926 
0.00003291071928013256 0.00012167289949838178 0.00003444393592588746 0.00007368875341362546 0.00001299196408716119 0.00000000000000000000 -0.00001299196408705017 -0.00007368875341362546 -0.00003444393592566541 -0.00012167289949838178 -0.00003291071928024358 
0.00007003892624835029 0.00002833924570655455 0.00006417734155439447 0.00001188879244712338 -0.00000000000000001312 -0.00001299196408710568 -0.00007696845095839233 -0.00003141279017238041 -0.00010726340834743553 -0.00005324434285136626 -0.00012493852105655012 
0.00001497018497176317 0.00004939514119950417 0.00000979384854774001 -0.00000000000000000656 -0.00001188879244701235 -0.00007368875341351444 -0.00003141279017238041 0.02411184584929948500 0.12661834948281392000 0.00069759839891614384 -0.00005030248786264124 
0.00002311387293324474 0.00000691717049167151 0.00000000000000003936 -0.00000979384854771226 -0.00006417734155439447 -0.00003444393592566541 -0.00010726340834765757 0.12661834948281414000 0.66131394519508646000 0.00457174082677536120 -0.00016861834901460426 
0.00000265761289314215 0.00000000000000007871 -0.00000691717049178253 -0.00004939514119944866 -0.00002833924570644353 -0.00012167289949827076 -0.00005324434285136626 0.00069759839891614384 0.00457174082677536120 -0.00020276733173862915 -0.00006101092683596932 
0.00000000000000004592 -0.00000265761289323929 -0.00002311387293310596 -0.00001497018497192970 -0.00007003892624823926 -0.00003291071928024358 -0.00012493852105655012 -0.00005030248786264124 -0.00016861834901460426 -0.00006101092683619136 -0.00012361728371501624 
