0.00354204039937937830 0.00354204039937937530 0.00347000744669154380 0.00318186668914784490 0.00268025471822604720 0.00211700853890750030 0.00158147720259717710 0.00111450080043507260 0.00073338726458716723 0.00044524480475150520 0.00025271042094040700 0.00015644322903744291 
0.00354204039937937530 0.00361408182289728540 0.00368611876109533690 0.00339534086194503890 0.00274189138698861580 0.00208929555260531190 0.00151292355733245950 0.00102863872830764910 0.00064041659093784259 0.00034963686285150971 0.00015644322903744288 0.00006017603713447878 
0.00347000744669154380 0.00368611876109533640 0.00425836199782040660 0.00396480219924348190 0.00280265667217833530 0.00198536503299797830 0.00135228725009134020 0.00084671681776459439 0.00045000496670421028 0.00015644322905131151 -0.00003675066768076557 -0.00013235873357115538 
0.00318186668914784490 0.00339534086194503850 0.00396480219924348190 0.00367124217487598300 0.00251187810689701240 0.00169722366172021840 0.00106414552378421490 0.00055593719992526889 0.00015644322906947558 -0.00013711888465248011 -0.00032753140652819852 -0.00042050230453071169 
0.00268025471822604760 0.00274189138698861630 0.00280265667217833490 0.00251187810689701240 0.00186969898611205280 0.00122750804795648990 0.00065113500748046986 0.00015644322908616812 -0.00024305120610311387 -0.00053383203672386899 -0.00071575555643602637 -0.00080161791953538709 
0.00211700853890750030 0.00208929555260531190 0.00198536503299797830 0.00169722366172021840 0.00122750804795649010 0.00069197563852623433 0.00015644322909608938 -0.00033824906971409408 -0.00075126103187583848 -0.00103940485385540440 -0.00120004352157363830 -0.00126859748519046480 
0.00158147720259717690 0.00151292355733245930 0.00135228725009134020 0.00106414552378421460 0.00065113500748046986 0.00015644322909608938 -0.00037908971997980916 -0.00091462370691712915 -0.00138434175841823460 -0.00167248611324134570 -0.00177641974504119170 -0.00180413303771178100 
0.00111450080043507260 0.00102863872830764910 0.00084671681776459439 0.00055593719992526889 0.00015644322908616817 -0.00033824906971409408 -0.00091462370691712915 -0.00155681725184709640 -0.00219899976961462080 -0.00248978217000888310 -0.00242902071016331930 -0.00236738430183725980 
0.00073338726458716723 0.00064041659093784259 0.00045000496670421028 0.00015644322906947558 -0.00024305120610311384 -0.00075126103187583837 -0.00138434175841823460 -0.00219899976961462040 -0.00335836812044856170 -0.00365193275656813330 -0.00308247588327609800 -0.00286900190156034240 
0.00044524480475150520 0.00034963686285150965 0.00015644322905131153 -0.00013711888465248008 -0.00053383203672386899 -0.00103940485385540440 -0.00167248611324134570 -0.00248978217000888270 -0.00365193275656813330 -0.00394549783514736710 -0.00337325959608254140 -0.00315714839461155370 
0.00025271042094040700 0.00015644322903744288 -0.00003675066768076554 -0.00032753140652819847 -0.00071575555643602648 -0.00120004352157363830 -0.00177641974504119130 -0.00242902071016331880 -0.00308247588327609750 -0.00337325959608254140 -0.00330122806099702880 -0.00322918668071297400 
0.00015644322903744293 0.00006017603713447880 -0.00013235873357115533 -0.00042050230453071169 -0.00080161791953538720 -0.00126859748519046510 -0.00180413303771178100 -0.00236738430183725980 -0.00286900190156034240 -0.00315714839461155370 -0.00322918668071297360 -0.00322918668071297660 
