0.00000000000000000000 -0.00000013501755713463 -0.00000021007982553556 -0.00000019918325211421 -0.00000015949894827116 -0.00000017432782417615 -0.00000017613007408102 -0.00000021476506528728 -0.00000022366084362346 -0.00000026721059764867 -0.00000026813738296383 -0.00000031801397115672 -0.00000033442739155731 -0.00000039464920975618 -0.00000038980671290822 -0.00000029161820513934 -0.00000050389782080273 -0.00000008738295398381 0.00000020202685768744 0.00000000000000000000 
0.00000001681968697653 -0.00000101562725429716 -0.00000072912052395679 -0.00000098780706281332 -0.00000415942841147654 -0.00000369581314352274 -0.00000095883674866570 0.00000014980029838796 -0.00000065247721803274 0.00000019674704354600 -0.00000087121044423100 0.00000026208274839234 -0.00000111579912775994 0.00000030377699156148 -0.00000151598635245165 0.00000052975376396702 -0.00000135931916900311 -0.00000012587790543250 0.00000054112538450113 0.00000063160205265866 
-0.00000014090792355148 -0.00000019144444785013 -0.00000395975249567471 -0.00020350470894037187 -0.00150318599480137040 -0.00150335030344450620 -0.00020302087539558755 -0.00000368241016079907 0.00000049485067776800 -0.00000003896484290777 0.00000055033410006899 -0.00000012602888066482 0.00000061401622142299 -0.00000028511730221226 0.00000067880240628426 -0.00000041294258634750 0.00000094828839181105 -0.00000015167696632012 0.00000078210209797369 0.00000067139676929173 
0.00000000256851961922 -0.00000123438994048541 -0.00020353142053064488 -0.01110879936647712900 -0.08208478908774274900 -0.08208443750480043400 -0.01110878423295069700 -0.00020279471512729685 -0.00000038296122006898 0.00000073174086434591 0.00000001679633765406 0.00000080601827256999 -0.00000011259604715264 0.00000088597419756198 -0.00000034253539249463 0.00000109524807068162 -0.00000040725537830966 0.00000084093573127220 0.00000097822515754409 0.00000055037549517856 
-0.00000005522228097021 -0.00000340560220912778 -0.00150334390452577790 -0.08208470491968711300 -0.60653017460972869000 -0.60653030722648182000 -0.08208434766822581000 -0.00150315163941794340 -0.00000302086786430067 0.00000018919939037687 0.00000075498008689223 0.00000008467048573380 0.00000082346354357554 -0.00000008672685547495 0.00000090542092534562 -0.00000023317206099271 0.00000105190865729021 0.00000011606843319800 0.00000092437109788790 0.00000065306515240060 
0.00000005642217537627 -0.00000425561564032506 -0.00150328916038855450 -0.08208476823272814500 -0.60653027618362287000 -0.60653012729025058000 -0.08208462530144000600 -0.00150282178460958700 -0.00000344342432523348 0.00000065672692262098 0.00000018173156224321 0.00000071398732037764 0.00000005794808632942 0.00000077916846730197 -0.00000015132524588957 0.00000095724107485040 -0.00000026036917899486 0.00000075787907816149 0.00000096238109936753 0.00000051429719871710 
-0.00000002702535795152 0.00000004128477382181 -0.00020345824033096704 -0.01110860659577372900 -0.08208467144895248400 -0.08208457106201905200 -0.01110853123529942400 -0.00020310838969805900 0.00000000396581700812 0.00000026412805143039 0.00000054974312835299 0.00000016120190249325 0.00000060913548849406 0.00000000184441550921 0.00000068020912258326 -0.00000012693110518214 0.00000078805532888193 0.00000017816790798264 0.00000081452559433370 0.00000051282666990726 
0.00000005411087755647 -0.00000071138513213498 -0.00000354175532901735 -0.00020347780402740767 -0.00150302200383123360 -0.00150317572357128170 -0.00020305884898963455 -0.00000339162307216867 0.00000031670190514532 0.00000036864006336401 0.00000023288363593110 0.00000041774683157136 0.00000012228845647222 0.00000047342836606568 -0.00000005973176664398 0.00000062727714172928 -0.00000015925688937046 0.00000052641433956335 0.00000077433488410161 0.00000040428879333199 
-0.00000002022350198416 0.00000062987126270286 -0.00000024396281261829 -0.00000009403985945511 -0.00000370199005761407 -0.00000328050458975326 -0.00000035941306197884 0.00000037717310430452 0.00000018145394831137 0.00000030036553377855 0.00000021935767269277 0.00000020981480797211 0.00000027262171775622 0.00000007293246390150 0.00000033072451613436 -0.00000003160086997633 0.00000043120131959506 0.00000020413176204936 0.00000060752777142348 0.00000032776513114730 
0.00000004442692924655 -0.00000096138358252063 0.00000019189473654535 -0.00000031804341826813 0.00000042971321345675 -0.00000006869848689917 0.00000043255126502828 -0.00000000479612438653 0.00000036003715164767 0.00000002556335365611 0.00000027980795036520 0.00000007099669330213 0.00000018793639910974 0.00000011837136781878 0.00000003817183358290 0.00000024383972030417 -0.00000003589242059121 0.00000027212898756623 0.00000052917911763650 0.00000026967180422055 
-0.00000000634937569188 0.00000071031858439596 -0.00000049761732245912 0.00000042913369169284 -0.00000029534264722741 0.00000046706717071743 -0.00000019071596257803 0.00000041802395500667 -0.00000015872770786629 0.00000034429997120000 -0.00000012297753404500 0.00000026955008392004 -0.00000007459914919128 0.00000015883851800513 -0.00000002769041618222 0.00000007755026620870 0.00000007699597759370 0.00000022858609938226 0.00000037762283677800 0.00000013872615278743 
0.00000003797328718136 -0.00000119367191242503 0.00000020362685271280 -0.00000061677363882851 0.00000044544845856365 -0.00000038953805248099 0.00000045618654720414 -0.00000033519551312367 0.00000039458108558321 -0.00000030754461766147 0.00000032786249876127 -0.00000026520038609590 0.00000026489294779886 0.00000027959568438263 0.00000386465800916724 0.00000359877775713002 0.00000059824868259284 0.00000004539453479779 0.00000027409819436386 0.00000012850940578346 
0.00000000515272624568 0.00000077618064819873 -0.00000074365957924982 0.00000043344989064664 -0.00000059555987075299 0.00000047165229632995 -0.00000050620840852389 0.00000043147471484595 -0.00000047887801857271 0.00000036918938089991 -0.00000044543028571153 0.00000031912928555311 0.00000332558606719324 0.00020369294649347225 0.00150307412688599480 0.00150360006482630480 0.00020322375569836737 0.00000395873318348450 0.00000015325515301257 -0.00000003908668366748 
0.00000000634268593203 -0.00000139597146997517 0.00000017248999428787 -0.00000089366436917260 0.00000040748894569731 -0.00000068809344511145 0.00000042253999743558 -0.00000064166119839726 0.00000036838200240252 -0.00000061736799639167 0.00000031297221225746 -0.00000007386783118513 0.00020372693480075199 0.01110845414115502200 0.08208516901590545700 0.08208452852847525300 0.01110915887305630200 0.00020328554348481020 0.00000050783034577506 -0.00000001962618556561 
0.00000000350115003656 0.00000069431922433694 -0.00000097673209564775 0.00000034567236384397 -0.00000086405306309878 0.00000038081183717509 -0.00000078649619261739 0.00000034336882348551 -0.00000076404260969387 0.00000028821026409886 -0.00000073252434940052 0.00000396838472571659 0.00150274636201297440 0.08208517840455176200 0.60652999549117048000 0.60653079775505248000 0.08208447399886420500 0.00150359735472527230 0.00000363431037353479 -0.00000017646725281040 
0.00000001638148261485 -0.00000148983881587128 0.00000009050083926709 -0.00000107285370032351 0.00000029957569402939 -0.00000088681692633763 0.00000030792183591810 -0.00000084603241629067 0.00000025189792030034 -0.00000082641095788816 0.00000020116264698444 0.00000293384963168108 0.00150359653274723120 0.08208423573778667000 0.60653075652917376000 0.60652994522295511000 0.08208514378574616200 0.00150310483217896970 0.00000351710737511723 -0.00000012134192983737 
0.00000029088750053141 0.00000062459684024851 -0.00000092341304225307 0.00000031804654065937 -0.00000080238017075018 0.00000034833291318037 -0.00000073834034408637 0.00000029153697383294 -0.00000073684341911351 0.00000022034073698940 -0.00000072867150713307 0.00000067101690914839 0.00020276029032784137 0.01110910918147567400 0.08208429311562337500 0.08208509880087344600 0.01110843921836224300 0.00020360757987258893 0.00000036672653980219 -0.00000014595547437324 
-0.00000002752034422571 -0.00000012724185860513 0.00000009642079490391 -0.00000055641784912908 0.00000010650833515147 -0.00000048421730480808 0.00000009420770530344 -0.00000049098335108688 0.00000003242579960094 -0.00000051505642550964 -0.00000002210622906951 -0.00000051376858323238 0.00000366789454853134 0.00020293301275797759 0.00150334917130479080 0.00150292546054764390 0.00020351070381874337 0.00000365149953118760 -0.00000031301090608338 -0.00000021230320923493 
-0.00000023611395372214 -0.00000057996614333256 -0.00000052708546749436 -0.00000054369694613143 -0.00000045923769409484 -0.00000048193489898818 -0.00000043756786444193 -0.00000048911185318579 -0.00000046353227667328 -0.00000051530732037008 -0.00000048646727801582 -0.00000052653904436539 -0.00000048836910337968 -0.00000003377186486020 0.00000322651682527209 0.00000323300140969707 0.00000019909359227910 -0.00000037816702214144 -0.00000044630842221949 -0.00000022316565218006 
0.00000000000000000000 -0.00000054682621097868 -0.00000043652446679587 -0.00000027956740444868 -0.00000038985449613005 -0.00000025665590996926 -0.00000037655491832989 -0.00000026420078283462 -0.00000038034002614040 -0.00000027559923720943 -0.00000037953815135161 -0.00000027956009529539 -0.00000037749034476064 -0.00000028174123212210 -0.00000036369716260864 -0.00000024387931585323 -0.00000021111158865494 -0.00000023402191429156 -0.00000022316565262415 0.00000000000000000000 
