0.00466294505293937850 0.00466294505358131990 0.00465198209850960570 0.00460813025790794090 0.00450157058550139380 0.00430686747982947540 0.00402462738744347340 0.00368172114201404610 0.00331014258749323920 0.00293547989097621940 0.00257500529618696910 0.00223940504915656710 0.00193498842866517010 0.00166538884724170220 0.00143266589245551670 0.00123796278685498740 0.00108188597112487960 0.00096472747436056295 0.00088660259686652572 0.00084754015655500641 
0.00466294505229743720 0.00467390801392114120 0.00468487098981036540 0.00467083809459773680 0.00458971401998223200 0.00439440446801891370 0.00408529354485909650 0.00371039345679105220 0.00331322673551367630 0.00292129179630396670 0.00255013095557150110 0.00220822143098211260 0.00190017139841414970 0.00162851223095666060 0.00139464605347969470 0.00119933650465510830 0.00104296766522356360 0.00092569385741170370 0.00084754015456529614 0.00080847771624348698 
0.00465198209067077540 0.00468487098640801760 0.00474275574916680890 0.00480063586108141810 0.00479203362740754630 0.00459573350866996750 0.00421174761894064620 0.00376133237658112960 0.00331107911902216990 0.00288632959749319030 0.00249600532188481560 0.00214317831383521250 0.00182896353222634680 0.00155384261703236390 0.00131806962522911460 0.00112176949982844740 0.00096495436291588383 0.00084754013903616282 0.00076938643397324368 0.00073035282146980470 
0.00460813023724765320 0.00467083807478547910 0.00480063584749748900 0.00499640730344598060 0.00517829251375578720 0.00498098972016214860 0.00440412236171021980 0.00381209999389207300 0.00328342772928151950 0.00281694215381881340 0.00240438240572908230 0.00203952297349145000 0.00171866178348408670 0.00143982508701089610 0.00120202031315866570 0.00100471751707272840 0.00084754012342607734 0.00073012590565462332 0.00065211260079014587 0.00061319429706342080 
0.00450157054592582270 0.00458971398470775070 0.00479203359359571530 0.00517829249308970380 0.00573852690218068770 0.00554059798360040380 0.00458387961709333210 0.00379900881816832040 0.00319358838641334470 0.00269362886241175180 0.00226505917322860270 0.00189186936956364120 0.00156633554395845630 0.00128477561143311540 0.00104546903194949820 0.00084754010393022774 0.00069036271832958107 0.00057331073798451177 0.00049574374141241658 0.00045711745483645484 
0.00430686741432997210 0.00439440440063844620 0.00459573344700651890 0.00498098966916649820 0.00554059795453140310 0.00534266903661081290 0.00438657678983437990 0.00360270866984869300 0.00299827879969488290 0.00249892572806128440 0.00207035603498921270 0.00169655978521211000 0.00137003538987983430 0.00108747278478543380 0.00084754007616512264 0.00064961115406458989 0.00049305988137222706 0.00037701058331587010 0.00030043414843716705 0.00026241430952153155 
0.00402462729193794630 0.00408529345215408270 0.00421174752297040140 0.00440412227759270830 0.00458387955104136180 0.00438657675363315380 0.00381183732958001320 0.00322321165636254000 0.00269788309044489410 0.00223343919414497250 0.00182087944860005370 0.00145397832763596750 0.00112977344378572060 0.00084754004172885131 0.00060760733738922271 0.00041030453070317374 0.00025525507606983340 0.00014123754643760123 0.00006656793502368665 0.00002969131223352316 
0.00368172100985516680 0.00371039331916152420 0.00376133224235854690 0.00381209986595888250 0.00379900871157367410 0.00360270858973309230 0.00322321161359978740 0.00277990885532459130 0.00233660143655085640 0.00191606850209973780 0.00152574422296245680 0.00116870062852879860 0.00084754000025657810 0.00056530660052146319 0.00032504468400229515 0.00012874455808721617 -0.00002358167367050516 -0.00013388341356316801 -0.00020509128758090976 -0.00023990832054014932 
0.00331014241722577200 0.00331322656605563620 0.00331107894016658120 0.00328342755985295670 0.00319358823089055170 0.00299827867373251470 0.00269788299826670190 0.00233660138833826970 0.00195254526673798710 0.00156848914461009730 0.00119732830639215330 0.00084753995245277389 0.00052637932466115245 0.00024110166441672012 -0.00000147975896328718 -0.00019678932384658234 -0.00034444291177020977 -0.00044809825223042526 -0.00051314137061572241 -0.00054432499635126473 
0.00293547967656073010 0.00292129157247817110 0.00288632937393528070 0.00281694193115238820 0.00269362865951544270 0.00249892554794207970 0.00223343905150588710 0.00191606839991141120 0.00156848909196657840 0.00120801449528783280 0.00084753989973277561 0.00049775154448188118 0.00016933567492737541 -0.00012579951093730595 -0.00037527606796360281 -0.00056997918255094493 -0.00070930240715987209 -0.00080092531860473067 -0.00085505096128216855 -0.00087992530560287996 
0.00257500503902930840 0.00255013069704839280 0.00249600504724421930 0.00240438213749221560 0.00226505891393416780 0.00207035580425472600 0.00182087924830983570 0.00152574406706096240 0.00119732819651404340 0.00084753984389045764 0.00048706524526436650 0.00012659064931112350 -0.00022098866381866121 -0.00053835931725971608 -0.00080384582104690871 -0.00099854893606486747 -0.00112186221557492700 -0.00119124965970663100 -0.00122621186307696430 -0.00124039996563083320 
0.00223940474391440700 0.00220822111230673320 0.00214317799205119860 0.00203952264680542060 0.00189186906067394030 0.00169655949483338940 0.00145397807430361240 0.00116870041264787460 0.00084753978677843810 0.00049775142938196374 0.00012659059147933401 -0.00025746553605822642 -0.00064152165950752123 -0.00100280327753243240 -0.00130319895763184470 -0.00149850852470405770 -0.00158834785924240160 -0.00161599924787925150 -0.00161814687449250620 -0.00161506273083366980 
0.00193498807964178960 0.00190017104592314290 0.00182896315685668180 0.00171866141145535720 0.00156633517573194190 0.00137003504897118730 0.00112977312962265090 0.00084753973045369093 0.00052637909821209449 0.00016933550331983468 -0.00022098878148974011 -0.00064152171794507951 -0.00108482914469504090 -0.00152813190776331120 -0.00190762889496360100 -0.00210392902407068780 -0.00211702019132902710 -0.00206625257461049610 -0.00201531366204541230 -0.00198664135504725410 
0.00166538844921334130 0.00162851181610392510 0.00155384219595909220 0.00143982465548069790 0.00128477519590209660 0.00108747238355608610 0.00084753967697852848 0.00056530627008018262 0.00024110138444627188 -0.00012579974264158154 -0.00053835949082509408 -0.00100280339493504870 -0.00152813196542385830 -0.00211675764945767510 -0.00269149708121939730 -0.00288879989234780030 -0.00270904262812993140 -0.00251666788699997280 -0.00239021382348657320 -0.00232954767010822540 
0.00143266545195898290 0.00139464560817849160 0.00131806915117345230 0.00120201984025053510 0.00104546855838824980 0.00084753962906421155 0.00060760691367046980 0.00032504430453790696 -0.00000148009760171753 -0.00037527635132464057 -0.00080384605229098230 -0.00130319912878237790 -0.00190762900897731620 -0.00269149713644216110 -0.00364758939680805010 -0.00384551832503419010 -0.00328591005577220110 -0.00290065384461836480 -0.00269932481262040580 -0.00261178783007166850 
0.00123796229859310420 0.00119933599683315550 0.00112176898426456000 0.00100471698720696910 0.00084753958937694885 0.00064961065077063531 0.00041030406365527258 0.00012874412296769616 -0.00019678970838106448 -0.00056997952051832134 -0.00099854921543873071 -0.00149850874902682250 -0.00210392918794150530 -0.00288879999932868370 -0.00384551837601988760 -0.00404344731040416890 -0.00348321291289156820 -0.00309695402963024990 -0.00289463443189271740 -0.00280649099846493230 
0.00108188544669328250 0.00104296713331586110 0.00096495379950276136 0.00084753956111968502 0.00069036215325932345 0.00049305934279277410 0.00025525455902392807 -0.00002358214651704417 -0.00034444334517887734 -0.00070930278521965674 -0.00112186254234386120 -0.00158834812567207610 -0.00211702040104389670 -0.00270904277876041210 -0.00328591015150858690 -0.00348321295740520310 -0.00330132776397599630 -0.00310555632073909300 -0.00297575856309525160 -0.00291305072616498830 
0.00096472690095559090 0.00092569327480802020 0.00084753954171978960 0.00073012529604791186 0.00057331013911830926 0.00037700999878539937 0.00014123699445153326 -0.00013388393071367492 -0.00044809872158206885 -0.00080092573879655168 -0.00119125002299238600 -0.00161599955400733020 -0.00206625282102187180 -0.00251666807517061290 -0.00290065397687331360 -0.00309695411040169890 -0.00310555635667449700 -0.00304767625923253910 -0.00298979150783065240 -0.00295690261169107970 
0.00088660198186031917 0.00084753952586621246 0.00076938579340685934 0.00065211195520013159 0.00049574310480722788 0.00030043353021902175 0.00006656734760966984 -0.00020509183696819193 -0.00051314187287920040 -0.00085505141180546810 -0.00122621225638529710 -0.00161814720875993720 -0.00201531393569104020 -0.00239021403773461740 -0.00269932497008651930 -0.00289463453734476080 -0.00297575862350342320 -0.00298979153239658420 -0.00297882856376067550 -0.00296786559427696150 
0.00084753952432260304 0.00080847706678488702 0.00073035216295019823 0.00061319363895722713 0.00045711680509792055 0.00026241368079153000 0.00002969071304146095 -0.00023990887998812024 -0.00054432550952614222 -0.00087992576585650152 -0.00124040036904982500 -0.00161506307458984010 -0.00198664163830828550 -0.00232954789394470940 -0.00261178799737268270 -0.00280649111421982750 -0.00291305079750452810 -0.00295690264786574280 -0.00296786560633518310 -0.00296786560030607230 
