0.00000000000000000000 0.00000000185046555856 0.00000000230832331027 0.00000000195396587799 0.00000000048618709059 0.00000000059014126919 0.00000000174887926363 0.00000000227425100974 0.00000000240968978105 0.00000000282220646852 0.00000000285735257677 0.00000000334582006545 0.00000000352676376991 0.00000000414089651457 0.00000000408393385776 0.00000000306821701379 0.00000000522578980089 0.00000000092856788925 -0.00000000204748484833 0.00000000000000000000 
0.00000000025559376837 0.00000001056502885177 -0.00000000121846710499 -0.00000049984359673516 -0.00000372176133467406 -0.00000372749395349814 -0.00000049929692114148 -0.00000001127850435267 0.00000000702228852845 -0.00000000226451124519 0.00000000922874310305 -0.00000000278040745982 0.00000001166947605213 -0.00000000306349257073 0.00000001575104890961 -0.00000000529349608591 0.00000001408532845915 0.00000000141550815513 -0.00000000550648993070 -0.00000000645614151029 
0.00000000157631241393 -0.00000000683514578270 -0.00000372474797849520 -0.00020346788304070884 -0.00150344245631206520 -0.00150344006024649700 -0.00020347357686922862 -0.00000372707143192486 -0.00000001488766532276 0.00000000042280134949 -0.00000000596411053877 0.00000000129755006739 -0.00000000645583009273 0.00000000291742496827 -0.00000000696691504487 0.00000000422361834396 -0.00000000965971369560 0.00000000152432111378 -0.00000000801262611816 -0.00000000685170509218 
-0.00000000014435208584 -0.00000049731240192585 -0.00020346759838840711 -0.01110899934381048800 -0.08208500073071611800 -0.08208500516488648200 -0.01110899870107218100 -0.00020347593084046878 -0.00000050559187059207 -0.00000000814388378956 -0.00000000019705881371 -0.00000000854151149809 0.00000000110032072342 -0.00000000917414144652 0.00000000345102968424 -0.00000001117899794956 0.00000000410740308432 -0.00000000855263837529 -0.00000001002275173967 -0.00000000563754276595 
-0.00000000059683635811 -0.00000372955421656940 -0.00150344083256115370 -0.08208500158797349400 -0.60653066549818213000 -0.60653066334185191000 -0.08208500602400192700 -0.00150344217033460130 -0.00000373443876178214 -0.00000000324998516987 -0.00000000808828914955 -0.00000000094557872643 -0.00000000858925863767 0.00000000078872908205 -0.00000000924434462313 0.00000000227819429988 -0.00000001064211230251 -0.00000000129022248441 -0.00000000944055467134 -0.00000000660479815284 
-0.00000000179508052867 -0.00000372174218465915 -0.00150344066200513990 -0.08208500177826305600 -0.60653066365050101000 -0.60653066593756400000 -0.08208500248186734200 -0.00150344613386010910 -0.00000372960452565962 -0.00000000840172731387 -0.00000000194191951408 -0.00000000751191375770 -0.00000000071104677701 -0.00000000797392463170 0.00000000141130196418 -0.00000000963504320772 0.00000000251638643256 -0.00000000761278939887 -0.00000000979006536950 -0.00000000522297982641 
0.00000000021015189589 -0.00000050956320496454 -0.00020346910790003392 -0.01110900049347485200 -0.08208500273380270300 -0.08208500302693444400 -0.01110900195607733600 -0.00020347210078774935 -0.00000051001052980837 -0.00000000294956770119 -0.00000000586704196337 -0.00000000176687509068 -0.00000000625666030096 -0.00000000017342616232 -0.00000000678297895629 0.00000000111926701241 -0.00000000777473468938 -0.00000000196167310174 -0.00000000822694594393 -0.00000000507820023532 
-0.00000000049610360264 -0.00000000248906495415 -0.00000372847071883342 -0.00020346898305678707 -0.00150344346832387290 -0.00150344255729617520 -0.00020347259790032268 -0.00000373057876412730 -0.00000001263848625754 -0.00000000405222699840 -0.00000000249163401023 -0.00000000432296709540 -0.00000000141167100232 -0.00000000467256322523 0.00000000041017367280 -0.00000000606419334193 0.00000000140227700285 -0.00000000511662678893 -0.00000000774868563758 -0.00000000403128136428 
0.00000000031768720987 -0.00000000607619732307 -0.00000000738556238389 -0.00000050849736954461 -0.00000372755504773892 -0.00000373123905283990 -0.00000050635614012862 -0.00000001324495535471 -0.00000000219445883687 -0.00000000316907122766 -0.00000000232420371837 -0.00000000229884400405 -0.00000000263646482423 -0.00000000095394320221 -0.00000000301520845639 0.00000000007564149307 -0.00000000393061838633 -0.00000000225285201605 -0.00000000599275140623 -0.00000000308198289112 
-0.00000000037957503807 0.00000000947494172010 -0.00000000187990512046 0.00000000247453701974 -0.00000000565703306421 -0.00000000110389919428 -0.00000000463740779111 -0.00000000030957902908 -0.00000000376601549945 -0.00000000038056890972 -0.00000000300194735736 -0.00000000060139071500 -0.00000000212897405261 -0.00000000085199980404 -0.00000000065761418533 -0.00000000193245797142 0.00000000005547051707 -0.00000000238406960840 -0.00000000510864950343 -0.00000000258225085759 
0.00000000017424195420 -0.00000000685405598944 0.00000000462008431512 -0.00000000433306679426 0.00000000247986120527 -0.00000000479977257939 0.00000000155433754756 -0.00000000434427382956 0.00000000145610501434 -0.00000000364544949782 0.00000000134248978600 -0.00000000295005353479 0.00000000109836256756 -0.00000000171857761355 0.00000000210704165227 0.00000000015305245959 0.00000000005037437134 -0.00000000252373988374 -0.00000000352171225515 -0.00000000104840602866 
-0.00000000030615598945 0.00000001188408349506 -0.00000000199669569767 0.00000000578041170485 -0.00000000455633664131 0.00000000354796325652 -0.00000000472027972265 0.00000000320208237703 -0.00000000414311029928 0.00000000317608361833 -0.00000000352758888766 0.00000000302830494014 0.00000000637028962913 0.00000050718693445084 0.00000372491215161475 0.00000372872257203838 0.00000050299293707923 0.00000000938598843092 -0.00000000234610952887 -0.00000000106783359932 
0.00000000005020917015 -0.00000000751337658755 0.00000000718482562334 -0.00000000437867475611 0.00000000562992541475 -0.00000000485627227320 0.00000000488656604070 -0.00000000450078418979 0.00000000485994300359 -0.00000000392664079030 0.00000000479518225127 0.00000000584090464884 0.00000373125615760195 0.00020346576179841591 0.00150344366766530510 0.00150343717530576630 0.00020347170503676182 0.00000372407532811536 0.00000000821792767169 0.00000000086178175707 
0.00000000002586952874 0.00000001394334736560 -0.00000000168864433547 0.00000000865771587755 -0.00000000418056433915 0.00000000667667165999 -0.00000000439388991857 0.00000000643826714164 -0.00000000389444376747 0.00000000647307923929 -0.00000000322279036791 0.00000051070551387866 0.00020346545214078304 0.01110900279278892500 0.08208499652018463900 0.08208500437479848700 0.01110899442828916500 0.00020347086181082830 0.00000050486891067791 0.00000000068767214145 
0.00000000004319566926 -0.00000000665778054909 0.00000000958354817726 -0.00000000350110829217 0.00000000841631697668 -0.00000000394856192187 0.00000000782161613255 -0.00000000361399865589 0.00000000787413757656 -0.00000000310161618611 0.00000000911723452290 0.00000372395973702311 0.00150344692774462270 0.08208499647876799100 0.60653066740662531000 0.60653065792181593000 0.08208500496589987700 0.00150343738025249250 0.00000372816491900352 0.00000000360857654869 
-0.00000000011755685314 0.00000001480775813079 -0.00000000093676111312 0.00000001047354114547 -0.00000000315304715670 0.00000000872266614493 -0.00000000327534444011 0.00000000856971446583 -0.00000000272278483093 0.00000000868367722173 -0.00000000097002583743 0.00000373530904029806 0.00150343735572100460 0.08208500726030809600 0.60653065841202380000 0.60653066810633138000 0.08208499671346292100 0.00150344335170338180 0.00000372950401228422 0.00000000290616908316 
-0.00000000288611645693 -0.00000000617048989682 0.00000000896354013236 -0.00000000338470984573 0.00000000774816943938 -0.00000000373272412979 0.00000000731472937776 -0.00000000313310052208 0.00000000760627005825 -0.00000000238359398885 0.00000000802103783393 0.00000050250655725392 0.00020347631188855075 0.01110899519594799000 0.08208500679021213400 0.08208499733214491600 0.01110900327744879200 0.00020346680893368330 0.00000050630142123254 0.00000000209748085567 
0.00000000019793944261 0.00000000105014930085 -0.00000000124544219382 0.00000000518650700165 -0.00000000142934986069 0.00000000457601645465 -0.00000000124032428772 0.00000000489557119843 -0.00000000049601145413 0.00000000543465072944 0.00000000017460166646 0.00000001503322000218 0.00000372726984299021 0.00020347451689417539 0.00150344013033443250 0.00150344532360868750 0.00020346783373170751 0.00000372771573253772 0.00000001341722466464 0.00000000272025468817 
0.00000000222537965833 0.00000000535809419056 0.00000000484355777708 0.00000000496747976086 0.00000000416258871816 0.00000000444709608027 0.00000000412205790334 0.00000000476057682164 0.00000000465397220761 0.00000000532172861334 0.00000000517342901851 0.00000000574649616780 0.00000001477577971087 0.00000051041823567743 0.00000373240828022148 0.00000373246702967123 0.00000050803732865035 0.00000001408958194560 0.00000000568132829670 0.00000000282922263395 
0.00000000000000011102 0.00000000511374120826 0.00000000411935141553 0.00000000255062759802 0.00000000370488928425 0.00000000239352526687 0.00000000371547870248 0.00000000260459498413 0.00000000394184174191 0.00000000287522783360 0.00000000412713441200 0.00000000306058911548 0.00000000427970636707 0.00000000336741701190 0.00000000554679635556 0.00000000417500478633 0.00000000276983636027 0.00000000294437318971 0.00000000282922307804 0.00000000000000000000 
