-0.00007755131035791507 0.00020200729913799620 0.00002350501518955106 0.00001389006190688491 0.00000570902765173464 -0.00000052779276837889 -0.00000453504495290247 -0.00000625530549286379 -0.00000583605719661762 -0.00000359849888806330 -0.00000001658863885146 
0.00020200729913799620 0.00045962612997385577 -0.00436885811831633220 -0.00066461554057917205 0.00017048499602356770 0.00011823179631442748 0.00007138706491949254 0.00003322826032087223 0.00000576665175444635 -0.00001010472353507597 -0.00001094910715278286 
0.00002350501518955106 -0.00436885811831677630 -0.66141483550932723000 -0.12660341918322038000 0.00001424784217474162 0.00002221700432714080 0.00000131101033584713 -0.00001453281872421108 -0.00002455664188294460 -0.00002857827097681870 -0.00001671692145008372 
0.00001389006190688491 -0.00066461554057961614 -0.12660341918321993000 -0.02420908679815170200 0.00001799059037388417 0.00000146698063741013 -0.00001765766170108707 -0.00003188002807080759 -0.00004048128996668628 -0.00004329597861829626 -0.00002184177560130007 
0.00000570902765173464 0.00017048499602378975 0.00001424784217474162 0.00001799059037388417 0.00000151857249897080 -0.00001930420607765271 -0.00003659276688056101 -0.00004915220797931108 -0.00005630430129299757 -0.00005790050414666847 -0.00002589993516183275 
-0.00000052779276837889 0.00011823179631420544 0.00002221700432714080 0.00000146698063752115 -0.00001930420607776373 -0.00003821872338946597 -0.00005371905845362457 -0.00006467689031736112 -0.00007045507492386971 -0.00007092142863585060 -0.00002856261180772535 
-0.00000453504495290247 0.00007138706491982561 0.00000131101033584713 -0.00001765766170097605 -0.00003659276688056101 -0.00005371905845359681 -0.00006756415415187789 -0.00007082326457708010 -0.00004901468519813435 -0.00008091460823234087 -0.00002964980935160622 
-0.00000625530549280828 0.00003322826032076121 -0.00001453281872410006 -0.00003188002807091861 -0.00004915220797929720 -0.00006467689031725010 -0.00007082326457719113 0.02417268063135003000 0.12658796934901861000 0.00080185778871899593 -0.00002912527736476100 
-0.00000583605719656211 0.00000576665175450186 -0.00002455664188294460 -0.00004048128996667413 -0.00005630430129294206 -0.00007045507492375869 -0.00004901468519835639 0.12658796934901817000 0.66142289872911553000 0.00455520583661161990 -0.00002708437227672000 
-0.00000359849888806330 -0.00001010472353513148 -0.00002857827097679094 -0.00004329597861837953 -0.00005790050414644643 -0.00007092142863573958 -0.00008091460823211882 0.00080185778871877389 0.00455520583661161990 -0.00005562106389711552 -0.00002386732037584771 
-0.00000001658863885146 -0.00001094910715279673 -0.00001671692145011235 -0.00002184177560127232 -0.00002589993516177724 -0.00002856261180772535 -0.00002964980935182826 -0.00002912527736476100 -0.00002708437227672000 -0.00002386732037584771 0.00003765168707992039 
