-0.00000000000000022204 -0.00000129455312425364 -0.00000004092380478937 -0.00000034292511541523 -0.00000001040129848917 -0.00000038887900855045 -0.00000012308630359392 -0.00000050203620571843 -0.00000020811639167562 -0.00000075746155681067 -0.00000048613192327185 -0.00000001053549336660 0.00000019164710951536 -0.00000000000000005551 
-0.00000130199824566191 -0.00000257430241168422 -0.00003643752824000757 -0.00028534264981106006 -0.00003604515253652352 -0.00000056868623321549 0.00000072917964111241 -0.00000080444406136415 0.00000040001761769659 -0.00000099537483455592 -0.00000080958785597662 -0.00000063223316526528 0.00000064078674466561 0.00000080031430921279 
-0.00000010129576422102 -0.00003661808318744519 -0.01687972601321119400 -0.12992113281852902000 -0.01687968719705557100 -0.00003567105616131272 0.00000004318563329164 0.00000114073763968214 -0.00000011567282687253 0.00000095532716759550 -0.00000040674220269654 0.00000045642140500401 0.00000106135896910109 0.00000059913563560388 
-0.00000037161084698312 -0.00028540156303646924 -0.12992123057850602000 -0.99999982752222438000 -0.12992110924540423000 -0.00028482782106564741 0.00000133832630577757 -0.00000004239560080777 0.00000118464646781113 -0.00000020211032081274 0.00000060235468934966 0.00000041450308996271 0.00000096844669583707 0.00000064962773460575 
-0.00000012093522450130 -0.00003648892492469358 -0.01687981025364759800 -0.12992127850487156000 -0.01687975052176549100 -0.00003578511948765240 0.00000000737441507859 0.00000106886473338896 -0.00000011459995552521 0.00000086002576360489 -0.00000023335695004123 0.00000051398632042177 0.00000103606842122295 0.00000052871579860753 
-0.00000040428460712505 -0.00000069292961724088 -0.00003605261439787455 -0.00028492561919790660 -0.00003593395616929840 -0.00000013204756998952 0.00000095501275199084 -0.00000017264335583356 0.00000082387477295942 -0.00000033951635036722 0.00000036902780682982 0.00000026200056496561 0.00000077157222838631 0.00000049552440256617 
-0.00000024303318024721 0.00000009033215198073 -0.00000017133027085947 0.00000087599193898669 -0.00000011564990920476 0.00000080238786348552 -0.00000022794996379361 0.00000066179946345279 -0.00000033113336753154 0.00000047464557870192 -0.00000042022107532569 0.00000024146620269949 0.00000070689371411969 0.00000033932600240760 
-0.00000047031090444349 -0.00000092940893825499 0.00000052305506859085 -0.00000024831909528622 0.00000062936340761155 -0.00000030221282454335 0.00000051632474551422 -0.00000041043251600148 0.00000041408317791314 -0.00000055749092886526 0.00000005577306805282 -0.00000003730060704754 0.00000040701389814046 0.00000029893426267691 
-0.00000032402096650230 -0.00000031531845379185 -0.00000041182231580450 0.00000046505943718245 -0.00000038361909227014 0.00000038712127647944 -0.00000049052841719077 0.00000027326729465371 -0.00000049613202512955 0.00003714527768727827 0.00028426725318819734 0.00003695600108932773 0.00000042329415772535 0.00000016069928654439 
-0.00000061625087455219 -0.00000117813258149191 0.00000015849884738017 -0.00000054267930937879 0.00000020841348991052 -0.00000062399377487310 0.00000010036973832617 -0.00000072497172043384 0.00003704182483765806 0.01687901502877253700 0.12992231970113277000 0.01687951218317751400 0.00003702640076985730 0.00000003381302660088 
-0.00000049419646974691 -0.00000108620739269760 -0.00000072295020414614 -0.00000009345844187436 -0.00000066340089244221 -0.00000016215033381631 -0.00000076886355315775 -0.00000025231269185078 0.00028406313726248023 0.12992220761100626000 0.99999910903766143000 0.12992202680429710000 0.00028485010451362314 0.00000005286462112508 
-0.00000027190089835205 -0.00000111536579505689 -0.00000028763476433991 -0.00000035038334805781 -0.00000024411062110596 -0.00000041523104904462 -0.00000033962296108747 -0.00000052088022806096 0.00003658803072736916 0.01687926475233991800 0.12992190894551570000 0.01687960726770132400 0.00003708842208327567 0.00000008881582758136 
-0.00000018006783097935 -0.00000051121966970769 -0.00000000272977568327 -0.00000006569501370679 0.00000002955105395108 -0.00000011416760337113 -0.00000005644125133930 -0.00000021786400639101 -0.00000005454268681149 0.00003669476763423774 0.00028465931647403409 0.00003701515388598864 0.00000023165350704346 0.00000007523706724299 
0.00000000000000000000 -0.00000013870256487802 0.00000002537268406488 0.00000008802362325144 0.00000001943222015417 0.00000005438240935352 -0.00000002967166590206 0.00000000784616505101 -0.00000005307506789620 -0.00000010574790421103 -0.00000002040357571786 0.00000006439309530037 0.00000007523706724299 0.00000000000000022204 
