0.00434808798121435680 0.00434776752125420020 0.00422041476905221560 0.00370660069133753840 0.00300334109161800150 0.00229606009637721910 0.00166890663434142310 0.00115448748610585180 0.00076492303484040740 0.00050448994038892851 0.00037425859363284664 
0.00434776752125420020 0.00447646929530708550 0.00460707035088878810 0.00389616100724245360 0.00300740966918595360 0.00221592820124852680 0.00155613484083084420 0.00102958109239611470 0.00063574344614878439 0.00037425845303329944 0.00024402710978057587 
0.00422041476905221560 0.00460707035088878810 0.00579913006651276530 0.00425807062713952270 0.00291561734354411780 0.00200508532088368090 0.00131071341108044880 0.00077223321022063841 0.00037425886260427873 0.00011268980570304869 -0.00001652620581328453 
0.00370660069133753760 0.00389616100724245360 0.00425807062713952270 0.00337506484181065210 0.00239202150772908820 0.00157826593926764040 0.00090941110718279503 0.00037425936886184243 -0.00002383395910893465 -0.00028146807106975853 -0.00040643368929909869 
0.00300334109161800020 0.00300740966918595310 0.00291561734354411780 0.00239202150772908820 0.00169928658885901750 0.00100655794508191760 0.00037425977843281023 -0.00016103635415349939 -0.00056272055294752843 -0.00080865225957915947 -0.00092148730155641235 
0.00229606009637721820 0.00221592820124852630 0.00200508532088368050 0.00157826593926763990 0.00100655794508191760 0.00037425993487499816 -0.00025819600394096846 -0.00083035022755599205 -0.00125782496375259380 -0.00146941162930613380 -0.00154959000484190270 
0.00166890663434142270 0.00155613484083084340 0.00131071341108044810 0.00090941110718279448 0.00037425977843281001 -0.00025819600394096862 -0.00095139746067646397 -0.00164487810813159530 -0.00216939971854719980 -0.00226216541656026590 -0.00225810713830620120 
0.00115448748610585160 0.00102958109239611450 0.00077223321022063798 0.00037425936886184222 -0.00016103635415349961 -0.00083035022755599227 -0.00164487810813159480 -0.00262895034198290000 -0.00351313546578730430 -0.00315241189585204270 -0.00296281103326314230 
0.00076492303484040718 0.00063574344614878407 0.00037425886260427841 -0.00002383395910893491 -0.00056272055294752865 -0.00125782496375259410 -0.00216939971854719900 -0.00351313546578730340 -0.00505559834189915280 -0.00386490874392374970 -0.00347815477040279260 
0.00050448994038892830 0.00037425845303329917 0.00011268980570304841 -0.00028146807106975869 -0.00080865225957916002 -0.00146941162930613400 -0.00226216541656026590 -0.00315241189585204220 -0.00386490874392374970 -0.00373582363831281680 -0.00360696837180889690 
0.00037425859363284642 0.00024402710978057565 -0.00001652620581328469 -0.00040643368929909891 -0.00092148730155641257 -0.00154959000484190270 -0.00225810713830620080 -0.00296281103326314230 -0.00347815477040279260 -0.00360696837180889690 -0.00360712395729269810 
