-0.00000000000000002370 -0.00000000000027936702 -0.00000000014471569824 -0.00000000329371411031 -0.00000000329371411031 -0.00000000014471569824 -0.00000000000027936702 -0.00000000000000002370 -0.00000000000000000000 -0.00000000000000000000 -0.00000000000000000000 -0.00000000000000000000 -0.00000000000000000000 -0.00000000000000000000 -0.00000000000000000000 0.00000000000000000000 
-0.00000000000027936702 -0.00000000329371411031 -0.00000170618614992963 -0.00003883261778242667 -0.00003883261778242667 -0.00000170618614992963 -0.00000000329371411031 -0.00000000000027936702 -0.00000000000000000104 -0.00000000000000000000 -0.00000000000000000000 -0.00000000000000000000 -0.00000000000000000000 -0.00000000000000000000 0.00000000000000000000 0.00000000000000000000 
-0.00000000014471569824 -0.00000170618614992963 -0.00088382630693505148 -0.02011579402674090700 -0.02011579402674090700 -0.00088382630693505148 -0.00000170618614992963 -0.00000000014471569824 -0.00000000000000053931 -0.00000000000000000000 -0.00000000000000000000 -0.00000000000000000000 -0.00000000000000000000 0.00000000000000000000 0.00000000000000000000 0.00000000000000000000 
-0.00000000329371411031 -0.00003883261778242667 -0.02011579402674090700 -0.45783336177161432000 -0.45783336177161432000 -0.02011579402674090700 -0.00003883261778242667 -0.00000000329371411031 -0.00000000000001227453 -0.00000000000000000000 -0.00000000000000000000 -0.00000000000000000000 0.00000000000000000000 0.00000000000000000000 0.00000000000000000000 0.00000000000000000000 
-0.00000000329371411031 -0.00003883261778242667 -0.02011579402674090700 -0.45783336177161432000 -0.45783336177161432000 -0.02011579402674090700 -0.00003883261778242667 -0.00000000329371411031 -0.00000000000001227453 -0.00000000000000000000 -0.00000000000000000000 0.00000000000000000000 0.00000000000000000000 0.00000000000000000000 0.00000000000000000000 0.00000000000000000000 
-0.00000000014471569824 -0.00000170618614992963 -0.00088382630693505148 -0.02011579402674090700 -0.02011579402674090700 -0.00088382630693505148 -0.00000170618614992963 -0.00000000014471569824 -0.00000000000000053931 -0.00000000000000000000 0.00000000000000000000 0.00000000000000000000 0.00000000000000000000 0.00000000000000000000 0.00000000000000000000 0.00000000000000000000 
-0.00000000000027936702 -0.00000000329371411031 -0.00000170618614992963 -0.00003883261778242667 -0.00003883261778242667 -0.00000170618614992963 -0.00000000329371411031 -0.00000000000027936702 -0.00000000000000000104 0.00000000000000000000 0.00000000000000000000 0.00000000000000000000 0.00000000000000000000 0.00000000000000000000 0.00000000000000000000 0.00000000000000000000 
-0.00000000000000002370 -0.00000000000027936702 -0.00000000014471569824 -0.00000000329371411031 -0.00000000329371411031 -0.00000000014471569824 -0.00000000000027936702 -0.00000000000000002370 0.00000000000000000000 0.00000000000000000104 0.00000000000000053931 0.00000000000001227453 0.00000000000001227453 0.00000000000000053931 0.00000000000000000104 0.00000000000000000000 
-0.00000000000000000000 -0.00000000000000000104 -0.00000000000000053931 -0.00000000000001227453 -0.00000000000001227453 -0.00000000000000053931 -0.00000000000000000104 0.00000000000000000000 0.00000000000000002370 0.00000000000027936702 0.00000000014471569824 0.00000000329371411031 0.00000000329371411031 0.00000000014471569824 0.00000000000027936702 0.00000000000000002370 
-0.00000000000000000000 -0.00000000000000000000 -0.00000000000000000000 -0.00000000000000000000 -0.00000000000000000000 -0.00000000000000000000 0.00000000000000000000 0.00000000000000000104 0.00000000000027936702 0.00000000329371411031 0.00000170618614992963 0.00003883261778242667 0.00003883261778242667 0.00000170618614992963 0.00000000329371411031 0.00000000000027936702 
-0.00000000000000000000 -0.00000000000000000000 -0.00000000000000000000 -0.00000000000000000000 -0.00000000000000000000 0.00000000000000000000 0.00000000000000000000 0.00000000000000053931 0.00000000014471569824 0.00000170618614992963 0.00088382630693505148 0.02011579402674090700 0.02011579402674090700 0.00088382630693505148 0.00000170618614992963 0.00000000014471569824 
-0.00000000000000000000 -0.00000000000000000000 -0.00000000000000000000 -0.00000000000000000000 0.00000000000000000000 0.00000000000000000000 0.00000000000000000000 0.00000000000001227453 0.00000000329371411031 0.00003883261778242667 0.02011579402674090700 0.45783336177161432000 0.45783336177161432000 0.02011579402674090700 0.00003883261778242667 0.00000000329371411031 
-0.00000000000000000000 -0.00000000000000000000 -0.00000000000000000000 0.00000000000000000000 0.00000000000000000000 0.00000000000000000000 0.00000000000000000000 0.00000000000001227453 0.00000000329371411031 0.00003883261778242667 0.02011579402674090700 0.45783336177161432000 0.45783336177161432000 0.02011579402674090700 0.00003883261778242667 0.00000000329371411031 
-0.00000000000000000000 -0.00000000000000000000 0.00000000000000000000 0.00000000000000000000 0.00000000000000000000 0.00000000000000000000 0.00000000000000000000 0.00000000000000053931 0.00000000014471569824 0.00000170618614992963 0.00088382630693505148 0.02011579402674090700 0.02011579402674090700 0.00088382630693505148 0.00000170618614992963 0.00000000014471569824 
-0.00000000000000000000 0.00000000000000000000 0.00000000000000000000 0.00000000000000000000 0.00000000000000000000 0.00000000000000000000 0.00000000000000000000 0.00000000000000000104 0.00000000000027936702 0.00000000329371411031 0.00000170618614992963 0.00003883261778242667 0.00003883261778242667 0.00000170618614992963 0.00000000329371411031 0.00000000000027936702 
0.00000000000000000000 0.00000000000000000000 0.00000000000000000000 0.00000000000000000000 0.00000000000000000000 0.00000000000000000000 0.00000000000000000000 0.00000000000000000000 0.00000000000000002370 0.00000000000027936702 0.00000000014471569824 0.00000000329371411031 0.00000000329371411031 0.00000000014471569824 0.00000000000027936702 0.00000000000000002370 
