0.00000000000000000000 0.00000186253567591166 0.00000088259027464233 0.00000083584075127874 0.00000077914779783583 0.00000071602143325578 0.00000064814198985630 0.00000057531467634320 0.00000050016519859142 0.00000042475092154604 0.00000035094685602033 0.00000028055161793716 0.00000021524520343874 0.00000015654736951198 0.00000010578070375189 0.00000006403926633425 0.00000003216354937940 0.00000001072231176069 0.00000000000166977543 0.00000000000000000000 
0.00000186253567679984 0.00000372414393101650 0.00000268461484687066 0.00000206952738857069 -0.00000130265396691698 -0.00000147826796492723 0.00000154743210689645 0.00000183014855181796 0.00000161670062759356 0.00000138948224925883 0.00000116337376265818 0.00000094398402117335 0.00000073663139188440 0.00000054623337941706 0.00000037718550682797 0.00000023325527553908 0.00000011749374262404 0.00000003216675453777 -0.00000002129263326767 -0.00000003173261943490 
0.00000088259027375415 0.00000268461484687066 -0.00000201321300519197 -0.00020183838179033131 -0.00150191214984296550 -0.00150203173641649810 -0.00020219391512110718 -0.00000259510192535117 0.00000097322272996081 0.00000083098644498847 0.00000068094620120362 0.00000053603708183303 0.00000039977512567013 0.00000027539148517164 0.00000016575616512693 0.00000007330903573077 0.00000000000286287660 -0.00000005274033307301 -0.00000008405864408700 -0.00000006235087628495 
0.00000083584075216692 0.00000206952738945887 -0.00020183838179121949 -0.01110744962249476900 -0.08208355417151835800 -0.08208367318571330200 -0.01110780344720829800 -0.00020241745120763710 0.00000039827262376946 0.00000075182812420138 0.00000060284568537128 0.00000045886249688820 0.00000032355124135464 0.00000020013429513632 0.00000009147370783058 0.00000000000239624987 -0.00000007233268869977 -0.00000012411409732599 -0.00000015448317244871 -0.00000010162961477933 
0.00000077914779694765 -0.00000130265396691698 -0.00150191214984296550 -0.08208355417151835800 -0.60652931711873581000 -0.60652943541354354000 -0.08208390584891667200 -0.00150248767629790340 -0.00000292243961741434 0.00000065340153510007 0.00000050661503925298 0.00000036378832968254 0.00000022966293111715 0.00000010745011780333 0.00000000000185607085 -0.00000009025774255766 -0.00000016138907703300 -0.00000021198045452309 -0.00000024117729030548 -0.00000014841322393266 
0.00000071602143414395 -0.00000147826796403905 -0.00150203173641649810 -0.08208367318571419000 -0.60652943541354354000 -0.60652955285362342000 -0.08208402231204470200 -0.00150260305448579600 -0.00000303663987555325 0.00000054045679132031 0.00000039498794590642 0.00000025352590471428 0.00000012079774625029 0.00000000000130073730 -0.00000010602361230627 -0.00000019486347388464 -0.00000026458750640446 -0.00000031379090770223 -0.00000034162393747206 -0.00000020135912603969 
0.00000064814198985630 0.00000154743210600827 -0.00020219391512021900 -0.01110780344720740900 -0.08208390584891667200 -0.08208402231204470200 -0.01110814965799722400 -0.00020276042459688171 0.00000005881356468507 0.00000041611418577503 0.00000027106140310096 0.00000013114712960061 0.00000000000079036777 -0.00000011919549461337 -0.00000022361604121168 -0.00000031085963980715 -0.00000037900574589855 -0.00000042665752009174 -0.00000045297078621331 -0.00000025897666056096 
0.00000057531467634320 0.00000183014855092978 -0.00000259510192446299 -0.00020241745120586074 -0.00150248767629790340 -0.00150260305448668420 -0.00020276042459732579 -0.00000315627337954538 0.00000041784410864665 0.00000028177883537595 0.00000013821096356281 0.00000000000038036241 -0.00000012940870391942 -0.00000024685197141938 -0.00000034951978367115 -0.00000043502488300540 -0.00000050145829688653 -0.00000054743215938124 -0.00000057210851700518 -0.00000031966762836788 
0.00000050016519859142 0.00000161670062759356 0.00000097322273084899 0.00000039827262376946 -0.00000292243961830252 -0.00000303663987510916 0.00000005881356512916 0.00000041784410864665 0.00000028536605167773 0.00000014179274843151 0.00000000000011513013 -0.00000013637964141333 -0.00000026392676938380 -0.00000037949679387861 -0.00000048029795007842 -0.00000056395849656887 -0.00000062858230043261 -0.00000067279140902876 -0.00000069575469208161 -0.00000038176907812826 
0.00000042475092154604 0.00000138948224925883 0.00000083098644498847 0.00000075182812464547 0.00000065340153510007 0.00000054045679043213 0.00000041611418621912 0.00000028177883537595 0.00000014179274887560 0.00000000000002342571 -0.00000013991434469340 -0.00000027436566246708 -0.00000039995768319478 -0.00000051356772901023 -0.00000061242361826253 -0.00000069417070180933 -0.00000075692687628859 -0.00000079932488716850 -0.00000082054099515005 -0.00000044359720141607 
0.00000035094685602033 0.00000116337376221409 0.00000068094620209180 0.00000060284568448310 0.00000050661503925298 0.00000039498794590642 0.00000027106140310096 0.00000013821096356281 0.00000000000011524115 -0.00000013991434474891 -0.00000027787792489242 -0.00000041033273412427 -0.00000053390498755412 -0.00000064533577415204 -0.00000074112234926815 -0.00000082092421482827 -0.00000088287441668555 -0.00000092362154280323 -0.00000094310152665145 -0.00000050349117985959 
0.00000028055161838125 0.00000094398402117335 0.00000053603708183303 0.00000045886249688820 0.00000036378832968254 0.00000025352590471428 0.00000013114712960061 0.00000000000038036241 -0.00000013637964141333 -0.00000027436566230055 -0.00000041033273412427 -0.00000054072896271684 -0.00000065304234375674 -0.00000026749534676185 0.00000285993968818232 0.00000278207855641810 -0.00000049922797717983 -0.00000103313585686493 -0.00000106013701905994 -0.00000055985586344676 
0.00000021524520343874 0.00000073663139188440 0.00000039977512544809 0.00000032355124135464 0.00000022966293156124 0.00000012079774625029 0.00000000000079036777 -0.00000012940870389166 -0.00000026392676938380 -0.00000039995768319478 -0.00000053390498733208 -0.00000065304234420083 0.00000294489424446098 0.00020257906989806784 0.00150245699630779940 0.00150238103700406360 0.00020235302559346025 0.00000257422442029309 -0.00000115937541789179 -0.00000061119913086216 
0.00000015654736951198 0.00000054623337941706 0.00000027539148539368 0.00000020013429491428 0.00000010745011780333 0.00000000000130073730 -0.00000011919549461337 -0.00000024685197136387 -0.00000037949679387861 -0.00000051356772945432 -0.00000064533577415204 -0.00000026749534631776 0.00020257906989895602 0.01110800168256975700 0.08208391278913396100 0.08208383866098412100 0.01110778111366261800 0.00020221746590287637 -0.00000076126061987480 -0.00000065601527055037 
0.00000010578070386291 0.00000037718550638388 0.00000016575616523795 0.00000009147370783058 0.00000000000185607085 -0.00000010602361230627 -0.00000022361604123944 -0.00000034951978356013 -0.00000048029795007842 -0.00000061242361848457 -0.00000074112234882406 0.00000285993968951459 0.00150245699630779940 0.08208391278913396100 0.60652948473569790000 0.60652941233966295000 0.08208369739768084400 0.00150210395880456820 0.00000237803740965603 -0.00000069238283018080 
0.00000006403926655629 0.00000023325527565010 0.00000007330903573077 0.00000000000239624987 -0.00000009025774255766 -0.00000019486347385689 -0.00000031085963980715 -0.00000043502488311642 -0.00000056395849656887 -0.00000069417070136524 -0.00000082092421527236 0.00000278207855641810 0.00150238103700495170 0.08208383866098323300 0.60652941233966473000 0.60652934155242111000 0.08208362807623004200 0.00150203594549047640 0.00000231116524940234 -0.00000072133227213556 
0.00000003216354932389 0.00000011749374240200 0.00000000000286287660 -0.00000007233268867202 -0.00000016138907701913 -0.00000026458750640446 -0.00000037900574578753 -0.00000050145829666448 -0.00000062858230043261 -0.00000075692687628859 -0.00000088287441668555 -0.00000049922797717983 0.00020235302559346025 0.01110778111366173000 0.08208369739768173200 0.08208362807623004200 0.01110757490587222000 0.00020201516143991682 -0.00000096016335238147 -0.00000074212476786073 
0.00000001072231181620 0.00000003216675448225 -0.00000005274033307301 -0.00000012411409732252 -0.00000021198045457860 -0.00000031379090759120 -0.00000042665751998072 -0.00000054743215938124 -0.00000067279140880672 -0.00000079932488716850 -0.00000092362154235914 -0.00000103313585597675 0.00000257422442029309 0.00020221746590287637 0.00150210395880456820 0.00150203594549047640 0.00020201516143991682 0.00000224279599336796 -0.00000148520623266535 -0.00000075226841467213 
0.00000000000166977543 -0.00000002129263329542 -0.00000008405864407313 -0.00000015448317242095 -0.00000024117729024997 -0.00000034162393747206 -0.00000045297078665740 -0.00000057210851700518 -0.00000069575469163752 -0.00000082054099603823 -0.00000094310152665145 -0.00000106013701817176 -0.00000115937541789179 -0.00000076126061987480 0.00000237803740965603 0.00000231116524940234 -0.00000096016335238147 -0.00000148520623088899 -0.00000150452012803726 -0.00000075227150553303 
0.00000000000000000000 -0.00000003173261943490 -0.00000006235087628842 -0.00000010162961475157 -0.00000014841322398818 -0.00000020135912626174 -0.00000025897666044994 -0.00000031966762792379 -0.00000038176907835030 -0.00000044359720141607 -0.00000050349117985959 -0.00000055985586344676 -0.00000061119913041807 -0.00000065601527099446 -0.00000069238283106898 -0.00000072133227124738 -0.00000074212476874891 -0.00000075226841467213 -0.00000075227150553303 0.00000000000000000000 
