-0.00000511698464711330 -0.00002330567287112118 0.00006055356700174208 -0.00007168025868975470 -0.00015909593327201321 0.00006247063553554977 -0.00008566928173231458 0.00006742865715264612 0.00001435851738965099 0.00007799487715536013 0.00000000000000002243 
-0.00002330567287112118 0.00015442055607506333 -0.00465723061706624360 -0.00096872797880620531 -0.00006059516109391261 0.00005840148407687540 0.00003266628929909921 -0.00008494141748671691 0.00008007504871068716 0.00000000000000005179 -0.00007799487715533932 
0.00006055356700218617 -0.00465723061706713180 -0.66152545210804981000 -0.12663221305566075000 0.00002111906675961173 -0.00001332002997189719 0.00008908422431080920 -0.00002307852384317299 0.00000000000000011427 -0.00008007504871079818 -0.00001435851738959548 
-0.00007168025868997674 -0.00096872797880642736 -0.12663221305566053000 -0.02442013417949962000 0.00006585508936285400 0.00013758920045725542 0.00000830164619708418 0.00000000000000014568 0.00002307852384289544 0.00008494141748693895 -0.00006742865715281265 
-0.00015909593327179117 -0.00006059516109413465 0.00002111906675961173 0.00006585508936307605 0.00005439823218145179 0.00000219720474720075 0.00000000000000023187 -0.00000830164619736173 -0.00008908422431053165 -0.00003266628929932125 0.00008566928173253663 
0.00006247063553554977 0.00005840148407687540 -0.00001332002997211923 0.00013758920045725542 0.00000219720474731178 0.00000000000000023902 -0.00000219720474770035 -0.00013758920045681133 0.00001332002997145310 -0.00005840148407643131 -0.00006247063553566079 
-0.00008566928173231458 0.00003266628929921023 0.00008908422431069818 0.00000830164619713969 0.00000000000000013508 -0.00000219720474758933 -0.00005439823218100770 -0.00006585508936352014 -0.00002111906675894559 0.00006059516109369056 0.00015909593327267935 
0.00006742865715281265 -0.00008494141748677242 -0.00002307852384303422 0.00000000000000003460 -0.00000830164619719520 -0.00013758920045692236 -0.00006585508936352014 0.02442013417950095200 0.12663221305565941000 0.00096872797880709349 0.00007168025868931061 
0.00001435851738965099 0.00008007504871079818 -0.00000000000000001022 0.00002307852384306197 -0.00008908422431069818 0.00001332002997178616 -0.00002111906675938968 0.12663221305565986000 0.66152545210804869000 0.00465723061706624360 -0.00006055356700152004 
0.00007799487715538789 -0.00000000000000001991 -0.00008007504871068716 0.00008494141748682793 -0.00003266628929921023 -0.00005840148407665335 0.00006059516109391261 0.00096872797880687145 0.00465723061706579950 -0.00015442055607439720 0.00002330567287001095 
0.00000000000000001239 -0.00007799487715530462 -0.00001435851738959548 -0.00006742865715275714 0.00008566928173253663 -0.00006247063553566079 0.00015909593327234628 0.00007168025868953265 -0.00006055356700152004 0.00002330567287045504 0.00000511698464766841 
