0.00470385719320034950 0.00470385711537869580 0.00469289329937406810 0.00464903988316698720 0.00454247825489452990 0.00434777312760330390 0.00406553121538241830 0.00372262327140180600 0.00335104330248613440 0.00297637921209398290 0.00261590344439968990 0.00228030190164159930 0.00197588413977990880 0.00170628307872372990 0.00147355862065779430 0.00127885336180822570 0.00112277463111135130 0.00100561334522537810 0.00092748603701544587 0.00088842253729859671 
0.00470385727102200310 0.00471482051601777690 0.00472578237437695690 0.00471174759727423490 0.00463062135516592670 0.00443530947671340500 0.00412619680681695820 0.00375129475942420240 0.00335412686481050690 0.00296219022136963180 0.00259102854912003240 0.00224911732571027100 0.00194106660290591920 0.00166940548911046190 0.00143553844692464540 0.00124022610461001840 0.00108385592655589810 0.00096657914909195175 0.00088842273358950667 0.00084935903758174755 
0.00469289414589710040 0.00472578276422531450 0.00478366626204043770 0.00484154430686941150 0.00483293969321050950 0.00463663737773457090 0.00425264937865593540 0.00380223246916828370 0.00335197754476901450 0.00292722675132161450 0.00253690102697442690 0.00218407290438040390 0.00186985666752521570 0.00159473458733003180 0.00135895978335442520 0.00116265800753571550 0.00100584042311234840 0.00088842427630226044 0.00081026806348234324 0.00077123342086227100 
0.00464904205017417640 0.00471174965433482450 0.00484154570330882880 0.00503731491318011510 0.00521919776808512680 0.00502189258659982080 0.00444502330871543800 0.00385299898779858280 0.00332432533090234630 0.00285783811476127740 0.00244527727891090660 0.00208041628223950200 0.00175955411052506130 0.00148071569653676910 0.00124290978863332350 0.00104560468670960400 0.00088842585277649848 0.00077100909032998244 0.00069299377843057958 0.00065407484001464534 
0.00454248235671190270 0.00463062501365612850 0.00483294315512860890 0.00521919987604090290 0.00577943190663070870 0.00558150079810215090 0.00462478032122503720 0.00383990785562044560 0.00323448571887746060 0.00273452492726240300 0.00230595373365926430 0.00193276285018731960 0.00160722751430864090 0.00132566651459415300 0.00108635813159401490 0.00088842783601305502 0.00073124819281561340 0.00061419455614991993 0.00053662556545824142 0.00049799869668982371 
0.00434777986824970000 0.00443531637444365650 0.00463664366774726220 0.00502189776692496620 0.00558150374777032980 0.00538357260988682820 0.00442747845329154960 0.00364360851548215700 0.00303917720955498720 0.00253982261475008610 0.00211125176572664590 0.00173745408221808440 0.00141092864058688830 0.00112836449912004890 0.00088843065068784166 0.00069049975000283557 0.00053394715609462312 0.00041789566616692533 0.00034131754149038725 0.00030329731725946572 
0.00406554101464897710 0.00412620630908243440 0.00425265915159084640 0.00444503185555954710 0.00462478701717976540 0.00442748212215765290 0.00385274080331857390 0.00326411348900012240 0.00273878338054943210 0.00227433819827361570 0.00186177708660805520 0.00149487485733978400 0.00117066861157099520 0.00088843413853248107 0.00064849984372135274 0.00045119575031851001 0.00029614436447017055 0.00018212530563046649 0.00010745402302966489 0.00007057699934118302 
0.00372263679905140110 0.00375130879885819490 0.00380224612837331760 0.00385301197005317830 0.00383991866460915100 0.00364361663059039470 0.00326411782073672250 0.00282081348567608070 0.00237750463528354660 0.00195697037150701840 0.00156664489944999500 0.00120960005196675630 0.00088843833266354869 0.00060620360432856661 0.00036594053586938504 0.00016963872575191818 0.00001731121597540459 -0.00009299238572512478 -0.00016420171802939134 -0.00019901906019890677 
0.00335106071892422520 0.00335414418046279820 0.00335199573860272840 0.00332434253716062940 0.00323450148560368690 0.00303918997554912490 0.00273879271623936800 0.00237750951862625160 0.00199345209515641680 0.00160939467462107570 0.00123823266992724010 0.00088844316278077610 0.00056728136850901800 0.00028200259381976696 0.00003941982034628583 -0.00015589103096277245 -0.00030354623873756896 -0.00040720303044113000 -0.00047224751338598853 -0.00050343145118652872 
0.00297640112669972020 0.00296221304014420220 0.00292724949850713690 0.00285786071928327380 0.00273454551012069750 0.00253984086850157380 0.00227435265151271950 0.00195698072036590290 0.00160940000572966370 0.00124892431280746160 0.00088844849125129508 0.00053865908525711000 0.00021024206632627458 -0.00008489423557364293 -0.00033437199052994585 -0.00052907651021389974 -0.00066840103151847902 -0.00076002547358643266 -0.00081415233506747567 -0.00083902696056186289 
0.00261592973209805570 0.00259105495144819470 0.00253692897573518310 0.00244530453623608350 0.00230598004137728960 0.00211127516507753380 0.00186179738232219570 0.00156666069360466640 0.00123824379468175220 0.00088845414353619584 0.00052797859653324437 0.00016750279816182766 -0.00018007748304638900 -0.00049744931598224781 -0.00076293694124894269 -0.00095764137824510089 -0.00108095599326706670 -0.00115034481699617690 -0.00118530806978782410 -0.00119949642125207400 
0.00228033310227281330 0.00224914983361180040 0.00218410567270601110 0.00208044948138281580 0.00193279421571822440 0.00173748353577700260 0.00149490054230395650 0.00120962192210870180 0.00088845993903721363 0.00053867073087225312 0.00016750864573982402 -0.00021654833222144504 -0.00060060566718928346 -0.00096188820696372149 -0.00126228514946451690 -0.00145759587437482850 -0.00154743655381856600 -0.00157508915987813550 -0.00157723776177847820 -0.00157415388659115270 
0.00197591983604180180 0.00194110262384040150 0.00186989490916137720 0.00175959195893684770 0.00160726491795693590 0.00141096324616316480 0.00117070046947429280 0.00088846567550018786 0.00056730429493886156 0.00021025942631423469 -0.00018006559256850940 -0.00060059976859911366 -0.00104390798429320870 -0.00148721199622962700 -0.00186670991362555240 -0.00206301141902673740 -0.00207610369213252770 -0.00202533739343298490 -0.00197439924561131550 -0.00194572715546939170 
0.00170632379489400680 0.00166944785699824660 0.00159477752201330030 0.00148075961087098780 0.00132570876210983080 0.00112840524057516990 0.00088847114840884039 0.00060623709416568244 0.00028203094170876398 -0.00008487080501221434 -0.00049743178730469692 -0.00096187636749007750 -0.00148720619118964270 -0.00207583264766979160 -0.00265057340446411350 -0.00284787719581197510 -0.00266812134286257670 -0.00247574757927700170 -0.00234929428862652510 -0.00228862843192241630 
0.00147360370749868660 0.00143558399731660370 0.00135900814224757540 0.00124295796626304900 0.00108640629775859410 0.00088847608538523059 0.00064854284577020994 0.00036597900689194161 0.00003945410369773209 -0.00033434334418715016 -0.00076291360171745564 -0.00126226790753643450 -0.00186669844796849170 -0.00265056786344289440 -0.00360666093820937200 -0.00380459129557328370 -0.00324498400704616210 -0.00285972907832720770 -0.00265840062811950260 -0.00257086390073679640 
0.00127890333903832460 0.00124027801831996710 0.00116271064156710970 0.00104565867835594850 0.00088848021714360808 0.00069055090946654142 0.00045124317615434549 0.00016968284235620063 -0.00015585209972915129 -0.00052904235319100234 -0.00095761319915241446 -0.00145757329200789900 -0.00206299496379996240 -0.00284786647391254170 -0.00380458620062927010 -0.00400251604683799380 -0.00344228312642441910 -0.00305602510547935180 -0.00285370615901154970 -0.00276556308333660230 
0.00112282833225002720 0.00108391037076079060 0.00100589795359704500 0.00088848320631577688 0.00073130573193258357 0.00053400194214066560 0.00029619687682901975 0.00001735917102662605 -0.00030350236203473480 -0.00066836283572268814 -0.00108092304678668290 -0.00154740976291870540 -0.00207608264997904790 -0.00266810627843357430 -0.00324497445223423860 -0.00344227870166761590 -0.00326039448686980420 -0.00306462429607378330 -0.00293482702634230560 -0.00287211949361628610 
0.00100567201416971790 0.00096663874036822346 0.00088848528721189690 0.00077107125649388203 0.00061425555617985658 0.00041795512116680106 0.00018218137214358142 -0.00009293994420154680 -0.00040715552582227377 -0.00075998303002648997 -0.00115030821103169220 -0.00157505838535891910 -0.00202531269403812910 -0.00247572876465477910 -0.00285971589541743560 -0.00305601707372624280 -0.00306462072526749550 -0.00300674154665398750 -0.00294885723985125350 -0.00291596873605863560 
0.00092754890109004236 0.00088848697122584244 0.00081033343944042437 0.00069305958522337464 0.00053669038139699779 0.00034138040365983837 0.00010751367029931495 -0.00016414602161249857 -0.00047219668596182454 -0.00081410683517036926 -0.00118526843722024870 -0.00157720415786860770 -0.00197437180642339940 -0.00234927285819808370 -0.00265838491812622110 -0.00285369565890105470 -0.00293482101706039930 -0.00294885479667458950 -0.00293789243287735300 -0.00292693000546638980 
0.00088848712758968218 0.00084942535408932200 0.00077130059638691407 0.00065414190431982878 0.00049806483243068633 0.00030336123693899234 0.00007063783308667742 -0.00019896234936557083 -0.00050337952007284837 -0.00083898047574121500 -0.00119945576097852030 -0.00157411931881947530 -0.00194569873651153580 -0.00228860602801759550 -0.00257084719369624680 -0.00276555154418783000 -0.00287211238966447650 -0.00291596513552417210 -0.00292692880528823550 -0.00292692940537731290 
